src/LyA_code/Observation_new_v2/data/coadd_fit.ecsv
# %ECSV 0.9
# ---
# datatype:
# - {name: w, datatype: float64}
# - {name: y, datatype: float64}
# schema: astropy-2.0
w y
1210.0517445329588 6.700705151679567e-20
1210.0617445329588 6.72481567706854e-20
1210.0717445329587 6.749056813839315e-20
1210.0817445329587 6.773429509069809e-20
1210.0917445329587 6.797934718457569e-20
1210.1017445329587 6.822573406416054e-20
1210.1117445329587 6.847346546169118e-20
1210.1217445329587 6.87225538645173e-20
1210.1317445329587 6.897305078127942e-20
1210.1417445329587 6.922492255755764e-20
1210.1517445329587 6.947817929578745e-20
1210.1617445329587 6.973283119162316e-20
1210.1717445329587 6.998888853494568e-20
1210.1817445329586 7.024636171093519e-20
1210.1917445329586 7.050526120113168e-20
1210.2017445329586 7.076559758450214e-20
1210.2117445329586 7.102738153854425e-20
1210.2217445329586 7.129062384038914e-20
1210.2317445329586 7.155533536791951e-20
1210.2417445329586 7.182152710091671e-20
1210.2517445329586 7.20892101221971e-20
1210.2617445329586 7.235839561878623e-20
1210.2717445329586 7.262909488311226e-20
1210.2817445329586 7.290131931417698e-20
1210.2917445329585 7.317508041879653e-20
1210.3017445329585 7.345038981281205e-20
1210.3117445329585 7.37272592223481e-20
1210.3217445329585 7.400570048507172e-20
1210.3317445329585 7.428572555147297e-20
1210.3417445329585 7.456734648615841e-20
1210.3517445329585 7.485057546917406e-20
1210.3617445329585 7.513542479733475e-20
1210.3717445329585 7.542190688557469e-20
1210.3817445329585 7.571003426831717e-20
1210.3917445329585 7.599981960085868e-20
1210.4017445329584 7.629127566078383e-20
1210.4117445329584 7.658441534939235e-20
1210.4217445329584 7.687925169312783e-20
1210.4317445329584 7.71757978450693e-20
1210.4417445329584 7.747406708639584e-20
1210.4517445329584 7.777407282791068e-20
1210.4617445329584 7.807582861154734e-20
1210.4717445329584 7.837934811194423e-20
1210.4817445329584 7.868464513799796e-20
1210.4917445329584 7.899173363445597e-20
1210.5017445329584 7.930062768353981e-20
1210.5117445329583 7.961134150657852e-20
1210.5217445329583 7.992388946566942e-20
1210.5317445329583 8.023828606536191e-20
1210.5417445329583 8.055454595435683e-20
1210.5517445329583 8.087268392726585e-20
1210.5617445329583 8.119271492633256e-20
1210.5717445329583 8.151477324030976e-20
1210.5817445329583 8.183879485654721e-20
1210.5917445329583 8.216462838057554e-20
1210.6017445329583 8.249239776655272e-20
1210.6117445329583 8.282213756118503e-20
1210.6217445329582 8.315386364820263e-20
1210.6317445329582 8.34875920733336e-20
1210.6417445329582 8.382333904635881e-20
1210.6517445329582 8.416108083615364e-20
1210.6617445329582 8.450082364174592e-20
1210.6717445329582 8.484292602983246e-20
1210.6817445329582 8.518711579354895e-20
1210.6917445329582 8.553341001289498e-20
1210.7017445329582 8.588182594461934e-20
1210.7117445329582 8.623238102454747e-20
1210.7217445329582 8.658509286991939e-20
1210.7317445329581 8.693997928180928e-20
1210.7417445329581 8.729705824757526e-20
1210.7517445329581 8.765614807726671e-20
1210.7617445329581 8.801740474041176e-20
1210.771744532958 8.838090518268967e-20
1210.781744532958 8.874666808279966e-20
1210.791744532958 8.911471231510565e-20
1210.801744532958 8.948505695218768e-20
1210.811744532958 8.985772126733956e-20
1210.821744532958 9.023272473717031e-20
1210.831744532958 9.061008704422129e-20
1210.841744532958 9.098982807962104e-20
1210.851744532958 9.137196794582722e-20
1210.861744532958 9.17565269593448e-20
1210.871744532958 9.214352565354384e-20
1210.881744532958 9.253298478151574e-20
1210.891744532958 9.292492531896785e-20
1210.901744532958 9.331936846718033e-20
1210.911744532958 9.371633565598206e-20
1210.921744532958 9.411584854686026e-20
1210.931744532958 9.451792903603636e-20
1210.941744532958 9.492259925763373e-20
1210.951744532958 9.532988158696396e-20
1210.961744532958 9.573979864375521e-20
1210.971744532958 9.615237329557907e-20
1210.981744532958 9.6567628661229e-20
1210.991744532958 9.698558811426392e-20
1211.001744532958 9.740616667139029e-20
1211.011744532958 9.782934353203173e-20
1211.0217445329579 9.82552921220238e-20
1211.0317445329579 9.868423817774918e-20
1211.0417445329579 9.911607376235094e-20
1211.0517445329579 9.955076196198705e-20
1211.0617445329578 9.998820328816734e-20
1211.0717445329578 1.004285175383753e-19
1211.0817445329578 1.008717553129612e-19
1211.0917445329578 1.0131794264115144e-19
1211.1017445329578 1.0176710584389742e-19
1211.1117445329578 1.0221927153784408e-19
1211.1217445329578 1.0267446663935246e-19
1211.1317445329578 1.0313279853093595e-19
1211.1417445329578 1.0359429440193778e-19
1211.1517445329578 1.0405890578431931e-19
1211.1617445329578 1.0452650585347446e-19
1211.1717445329577 1.04997233390084e-19
1211.1817445329577 1.0547115937082258e-19
1211.1917445329577 1.0594831306731604e-19
1211.2017445329577 1.064287241004387e-19
1211.2117445329577 1.0691242244651083e-19
1211.2217445329577 1.0739943844376003e-19
1211.2317445329577 1.0789142311193748e-19
1211.2417445329577 1.0838538896423789e-19
1211.2517445329577 1.0888276907146812e-19
1211.2617445329577 1.0938464737273715e-19
1211.2717445329577 1.098887928704154e-19
1211.2817445329576 1.1039648568490263e-19
1211.2917445329576 1.109077212631112e-19
1211.3017445329576 1.1142253317035338e-19
1211.3117445329576 1.1194070235101902e-19
1211.3217445329576 1.1246239933549448e-19
1211.3317445329576 1.1298801299718065e-19
1211.3417445329576 1.135173336664089e-19
1211.3517445329576 1.140503965134132e-19
1211.3617445329576 1.145872371381471e-19
1211.3717445329576 1.1512789157761e-19
1211.3817445329576 1.1567292321324154e-19
1211.3917445329575 1.1622233153076936e-19
1211.4017445329575 1.1677769268180136e-19
1211.4117445329575 1.1733503392178378e-19
1211.4217445329575 1.1789561254012567e-19
1211.4317445329575 1.1846152711126087e-19
1211.4417445329575 1.1903032520854792e-19
1211.4517445329575 1.196032665918858e-19
1211.4617445329575 1.2018039378681059e-19
1211.4717445329575 1.207616703819546e-19
1211.4817445329575 1.2134772948782236e-19
1211.4917445329575 1.2193774012330558e-19
1211.5017445329574 1.225321173555313e-19
1211.5117445329574 1.2313399750474923e-19
1211.5217445329574 1.237387102603805e-19
1211.5317445329574 1.2434575078994652e-19
1211.5417445329574 1.2496161636257967e-19
1211.5517445329574 1.2559393983352237e-19
1211.5617445329574 1.2624179671627283e-19
1211.5717445329574 1.2687602065521859e-19
1211.5817445329574 1.2751517805664697e-19
1211.5917445329574 1.2815320907639029e-19
1211.6017445329574 1.2879510972597945e-19
1211.6117445329573 1.2944213348582046e-19
1211.6217445329573 1.3009402445646343e-19
1211.6317445329573 1.3075513354158386e-19
1211.6417445329573 1.3145130514268298e-19
1211.6517445329573 1.3211743826476672e-19
1211.6617445329573 1.3280066721727083e-19
1211.6717445329573 1.3348655855106765e-19
1211.6817445329573 1.341788458662375e-19
1211.6917445329573 1.3487824518343128e-19
1211.7017445329573 1.355880875678831e-19
1211.7117445329573 1.362977453245618e-19
1211.7217445329572 1.3702263486832974e-19
1211.7317445329572 1.3775257480132824e-19
1211.7417445329572 1.3848342081197252e-19
1211.7517445329572 1.3921502629042025e-19
1211.7617445329572 1.3997866315305723e-19
1211.7717445329572 1.4072279523371544e-19
1211.7817445329572 1.414836904502856e-19
1211.7917445329572 1.4224961903797002e-19
1211.8017445329572 1.430381261421185e-19
1211.8117445329572 1.4380229411617706e-19
1211.8217445329572 1.4460357304073838e-19
1211.8317445329571 1.4540052641863558e-19
1211.8417445329571 1.462198019571995e-19
1211.8517445329571 1.4708186269823636e-19
1211.8617445329571 1.4793322753544378e-19
1211.871744532957 1.4879328152043883e-19
1211.881744532957 1.4964968978468364e-19
1211.891744532957 1.5053219654816493e-19
1211.901744532957 1.5138934679844519e-19
1211.911744532957 1.5229017733296861e-19
1211.921744532957 1.5320753687435404e-19
1211.931744532957 1.5414813964824497e-19
1211.941744532957 1.5509854554948604e-19
1211.951744532957 1.5603979186637529e-19
1211.961744532957 1.5703308136179554e-19
1211.971744532957 1.580095905995375e-19
1211.981744532957 1.5902980113431425e-19
1211.991744532957 1.600162342516205e-19
1212.001744532957 1.6098998980067192e-19
1212.011744532957 1.620288198952553e-19
1212.021744532957 1.6311391224656298e-19
1212.031744532957 1.6414388977444528e-19
1212.041744532957 1.6524712300085752e-19
1212.051744532957 1.6635106344034783e-19
1212.061744532957 1.6746424770148805e-19
1212.071744532957 1.6858409791203584e-19
1212.081744532957 1.6973895053947923e-19
1212.091744532957 1.709989441025007e-19
1212.101744532957 1.721750010401146e-19
1212.111744532957 1.7347651590763789e-19
1212.1217445329569 1.7471137458482276e-19
1212.1317445329569 1.760114330285132e-19
1212.1417445329569 1.7736918259565858e-19
1212.1517445329569 1.787427960949547e-19
1212.1617445329568 1.8011772271653445e-19
1212.1717445329568 1.815458351512338e-19
1212.1817445329568 1.8295693275962323e-19
1212.1917445329568 1.8438307467749535e-19
1212.2017445329568 1.8597198841791124e-19
1212.2117445329568 1.8755308335491734e-19
1212.2217445329568 1.8906209162497439e-19
1212.2317445329568 1.9067276008788136e-19
1212.2417445329568 1.922575461785856e-19
1212.2517445329568 1.9389438316038419e-19
1212.2617445329568 1.9565685852248436e-19
1212.2717445329567 1.973751863002714e-19
1212.2817445329567 1.9918649915131084e-19
1212.2917445329567 2.0113176428482807e-19
1212.3017445329567 2.0296679369987507e-19
1212.3117445329567 2.0491635067556175e-19
1212.3217445329567 2.0678122453073008e-19
1212.3317445329567 2.0883208348480137e-19
1212.3417445329567 2.1085677808582453e-19
1212.3517445329567 2.1302615938249928e-19
1212.3617445329567 2.152456040626208e-19
1212.3717445329567 2.17552752718712e-19
1212.3817445329566 2.1984094767934544e-19
1212.3917445329566 2.223051063074225e-19
1212.4017445329566 2.246508593163101e-19
1212.4117445329566 2.2718439771565147e-19
1212.4217445329566 2.2979205047030703e-19
1212.4317445329566 2.3250565201277433e-19
1212.4417445329566 2.3516808118176173e-19
1212.4517445329566 2.380214738425007e-19
1212.4617445329566 2.4100470417777903e-19
1212.4717445329566 2.4424264692178686e-19
1212.4817445329566 2.475149035523646e-19
1212.4917445329565 2.5082686012220117e-19
1212.5017445329565 2.541899418779451e-19
1212.5117445329565 2.5777039488916593e-19
1212.5217445329565 2.6175851172045512e-19
1212.5317445329565 2.6559270899189556e-19
1212.5417445329565 2.696548732894773e-19
1212.5517445329565 2.7432843455382344e-19
1212.5617445329565 2.7883226000343513e-19
1212.5717445329565 2.837247064956579e-19
1212.5817445329565 2.8873254588197942e-19
1212.5917445329565 2.9388052483204617e-19
1212.6017445329564 2.995067604502017e-19
1212.6117445329564 3.054618890907178e-19
1212.6217445329564 3.1196297056669407e-19
1212.6317445329564 3.188386253205368e-19
1212.6417445329564 3.26251395632172e-19
1212.6517445329564 3.3425036521339795e-19
1212.6617445329564 3.4287570016544374e-19
1212.6717445329564 3.5242400665768173e-19
1212.6817445329564 3.622298903903197e-19
1212.6917445329564 3.7277411642581995e-19
1212.7017445329564 3.8390010879328543e-19
1212.7117445329563 3.9596283885387296e-19
1212.7217445329563 4.082968873127512e-19
1212.7317445329563 4.2210712574556055e-19
1212.7417445329563 4.365458037750157e-19
1212.7517445329563 4.525528872633462e-19
1212.7617445329563 4.694188367512801e-19
1212.7717445329563 4.877207780176494e-19
1212.7817445329563 5.071341608213976e-19
1212.7917445329563 5.277805868732845e-19
1212.8017445329563 5.496585914469535e-19
1212.8117445329563 5.734290832391615e-19
1212.8217445329562 5.989116862316967e-19
1212.8317445329562 6.255720876426328e-19
1212.8417445329562 6.541543333351142e-19
1212.8517445329562 6.847162216569415e-19
1212.8617445329562 7.176777713181329e-19
1212.8717445329562 7.52155011151968e-19
1212.8817445329562 7.889542426459309e-19
1212.8917445329562 8.286442910403194e-19
1212.9017445329562 8.706882268071588e-19
1212.9117445329562 9.160805714932763e-19
1212.9217445329562 9.645826718748981e-19
1212.9317445329561 1.0162556210259114e-18
1212.9417445329561 1.0712187210592742e-18
1212.9517445329561 1.1297692551930917e-18
1212.9617445329561 1.1925181100378855e-18
1212.971744532956 1.259011830386487e-18
1212.981744532956 1.3302553402126552e-18
1212.991744532956 1.4061877358813932e-18
1213.001744532956 1.4862247389332688e-18
1213.011744532956 1.5718198214721398e-18
1213.021744532956 1.663216812456975e-18
1213.031744532956 1.7613574433554503e-18
1213.041744532956 1.865711771501756e-18
1213.051744532956 1.9770917737840375e-18
1213.061744532956 2.095335402721481e-18
1213.071744532956 2.220811625644359e-18
1213.081744532956 2.3536398800174e-18
1213.091744532956 2.49519311085083e-18
1213.101744532956 2.645205075651858e-18
1213.111744532956 2.8046890844953185e-18
1213.121744532956 2.974905959853655e-18
1213.131744532956 3.1556363315584728e-18
1213.141744532956 3.348010745820184e-18
1213.151744532956 3.554437659075581e-18
1213.161744532956 3.7721813747585526e-18
1213.171744532956 4.003221698400989e-18
1213.181744532956 4.2488142576558924e-18
1213.191744532956 4.510192523714352e-18
1213.201744532956 4.785404505322394e-18
1213.211744532956 5.0789472470533446e-18
1213.2217445329559 5.389750563380506e-18
1213.2317445329559 5.719474807317358e-18
1213.2417445329559 6.06806863332161e-18
1213.2517445329559 6.438095128642704e-18
1213.2617445329558 6.8311985158191304e-18
1213.2717445329558 7.243898523374317e-18
1213.2817445329558 7.681025413226059e-18
1213.2917445329558 8.142535579006079e-18
1213.3017445329558 8.63186042198523e-18
1213.3117445329558 9.150539136620526e-18
1213.3217445329558 9.699491666583893e-18
1213.3317445329558 1.0282434401652325e-17
1213.3417445329558 1.0897681276459575e-17
1213.3517445329558 1.1546886938569355e-17
1213.3617445329558 1.2232963895917466e-17
1213.3717445329557 1.2954949714863344e-17
1213.3817445329557 1.3716148132810726e-17
1213.3917445329557 1.4520595033437556e-17
1213.4017445329557 1.5367985846129363e-17
1213.4117445329557 1.6261965945330093e-17
1213.4217445329557 1.7210445736560832e-17
1213.4317445329557 1.8212379439430976e-17
1213.4417445329557 1.9266930672292403e-17
1213.4517445329557 2.0372225266247512e-17
1213.4617445329557 2.1533364701698618e-17
1213.4717445329557 2.276474005558696e-17
1213.4817445329556 2.40726841631942e-17
1213.4917445329556 2.5440609335731033e-17
1213.5017445329556 2.6858010115707746e-17
1213.5117445329556 2.836641482239876e-17
1213.5217445329556 2.9965016018220365e-17
1213.5317445329556 3.164006523285497e-17
1213.5417445329556 3.3410000251903265e-17
1213.5517445329556 3.525396692473231e-17
1213.5617445329556 3.720620583933192e-17
1213.5717445329556 3.9239408446294966e-17
1213.5817445329556 4.138187809332757e-17
1213.5917445329555 4.363949583363354e-17
1213.6017445329555 4.6014032590943135e-17
1213.6117445329555 4.8499664745983705e-17
1213.6217445329555 5.1082160005389426e-17
1213.6317445329555 5.381963707566518e-17
1213.6417445329555 5.667088526295597e-17
1213.6517445329555 5.966956949086298e-17
1213.6617445329555 6.278554043475201e-17
1213.6717445329555 6.607756061765594e-17
1213.6817445329555 6.950824984577901e-17
1213.6917445329555 7.307927675960722e-17
1213.7017445329554 7.681700709011546e-17
1213.7117445329554 8.074428885953536e-17
1213.7217445329554 8.486140988815099e-17
1213.7317445329554 8.91793055432998e-17
1213.7417445329554 9.368223452821576e-17
1213.7517445329554 9.837125351594565e-17
1213.7617445329554 1.0327221181198332e-16
1213.7717445329554 1.0840086466403325e-16
1213.7817445329554 1.1373066325610188e-16
1213.7917445329554 1.1931772259833595e-16
1213.8017445329554 1.2512083239565046e-16
1213.8117445329553 1.311817992173291e-16
1213.8217445329553 1.3751671736153183e-16
1213.8317445329553 1.441003338405388e-16
1213.8417445329553 1.50972025976305e-16
1213.8517445329553 1.581478605302407e-16
1213.8617445329553 1.656837029191366e-16
1213.8717445329553 1.7350848238434496e-16
1213.8817445329553 1.8154654259749923e-16
1213.8917445329553 1.8995442858926e-16
1213.9017445329553 1.9882432080258236e-16
1213.9117445329553 2.0794143716910857e-16
1213.9217445329552 2.1733720447561547e-16
