src/LyA_code/Observation_new_v2/data/coadd_fit.ecsv
# %ECSV 0.9
# ---
# datatype:
# - {name: w, datatype: float64}
# - {name: y, datatype: float64}
# schema: astropy-2.0
w y
[from data line 389]
1213.9417445329552 2.373359874342217e-16
1213.9517445329552 2.480185614364666e-16
1213.9617445329552 2.590782457574167e-16
1213.9717445329552 2.7051579531371605e-16
1213.9817445329552 2.8238488924373746e-16
1213.9917445329552 2.9466944706426727e-16
1214.0017445329552 3.073878038599134e-16
1214.0117445329552 3.2067769790281717e-16
1214.0217445329552 3.344272742220582e-16
1214.0317445329551 3.487550008790051e-16
1214.0417445329551 3.63371370747383e-16
1214.0517445329551 3.787856052967822e-16
1214.0617445329551 3.9456749495932054e-16
1214.071744532955 4.109976713661119e-16
1214.081744532955 4.27849628262222e-16
1214.091744532955 4.451863965492732e-16
1214.101744532955 4.634270429875017e-16
1214.111744532955 4.822506725967419e-16
1214.121744532955 5.016395489463558e-16
1214.131744532955 5.215668405833337e-16
1214.141744532955 5.424096249648351e-16
1214.151744532955 5.635718569512924e-16
1214.161744532955 5.85681981754719e-16
1214.171744532955 6.081565225345703e-16
1214.181744532955 6.31567045853562e-16
1214.191744532955 6.556820143143609e-16
1214.201744532955 6.805837450934548e-16
1214.211744532955 7.062305418076925e-16
1214.221744532955 7.32845198974338e-16
1214.231744532955 7.60154002311102e-16
1214.241744532955 7.882806619767491e-16
1214.251744532955 8.17255294230986e-16
1214.261744532955 8.467513997347354e-16
1214.271744532955 8.771458287524467e-16
1214.281744532955 9.087957408888765e-16
1214.291744532955 9.411150114053296e-16
1214.301744532955 9.740031993241003e-16
1214.311744532955 1.008119393098047e-15
1214.3217445329549 1.0427944538893392e-15
1214.3317445329549 1.0783884087499736e-15
1214.3417445329549 1.11446017372363e-15
1214.3517445329549 1.1522078413573985e-15
1214.3617445329548 1.190721162786983e-15
1214.3717445329548 1.230166916905618e-15
1214.3817445329548 1.2704791219901614e-15
1214.3917445329548 1.3112070715261348e-15
1214.4017445329548 1.3537479030719383e-15
1214.4117445329548 1.3966185895003438e-15
1214.4217445329548 1.440896317590054e-15
1214.4317445329548 1.4861285251307003e-15
1214.4417445329548 1.5321052500973747e-15
1214.4517445329548 1.5791944434809001e-15
1214.4617445329548 1.6275606048690511e-15
1214.4717445329547 1.676728366449202e-15
1214.4817445329547 1.7272821048694604e-15
1214.4917445329547 1.7784421778359606e-15
1214.5017445329547 1.830369153352353e-15
1214.5117445329547 1.8829860730635285e-15
1214.5217445329547 1.936673692239527e-15
1214.5317445329547 1.9914909024426914e-15
1214.5417445329547 2.047417966567653e-15
1214.5517445329547 2.1044624273354853e-15
1214.5617445329547 2.1630908537166346e-15
1214.5717445329547 2.222540561997847e-15
1214.5817445329546 2.2835822452925407e-15
1214.5917445329546 2.345846474172659e-15
1214.6017445329546 2.409104260382232e-15
1214.6117445329546 2.4737149341370623e-15
1214.6217445329546 2.538811370712479e-15
1214.6317445329546 2.6049434416988063e-15
1214.6417445329546 2.6722991146291965e-15
1214.6517445329546 2.740825111109267e-15
1214.6617445329546 2.8114772195461413e-15
1214.6717445329546 2.882766363376551e-15
1214.6817445329546 2.955134023066743e-15
1214.6917445329545 3.0282957621750054e-15
1214.7017445329545 3.1046886001117925e-15
1214.7117445329545 3.181315989263125e-15
1214.7217445329545 3.258838913581395e-15
1214.7317445329545 3.3383872128041385e-15
1214.7417445329545 3.4191039547577427e-15
1214.7517445329545 3.502393716457923e-15
1214.7617445329545 3.5873653450419e-15
1214.7717445329545 3.673484478167256e-15
1214.7817445329545 3.7616636930931155e-15
1214.7917445329545 3.8527139834745926e-15
1214.8017445329544 3.946630132620046e-15
1214.8117445329544 4.044449302924066e-15
1214.8217445329544 4.145303539923703e-15
1214.8317445329544 4.252560964093961e-15
1214.8417445329544 4.3639797710850344e-15
1214.8517445329544 4.483031067697213e-15
1214.8617445329544 4.60906927127826e-15
1214.8717445329544 4.743426737362302e-15
1214.8817445329544 4.889079237157233e-15
1214.8917445329544 5.0461871606322544e-15
1214.9017445329544 5.2174128630683265e-15
1214.9117445329543 5.404520198146068e-15
1214.9217445329543 5.6100125125031016e-15
1214.9317445329543 5.834208966031858e-15
1214.9417445329543 6.084883089625907e-15
1214.9517445329543 6.360492024389691e-15
1214.9617445329543 6.668307783265246e-15
1214.9717445329543 7.009785419135186e-15
1214.9817445329543 7.394170313643853e-15
1214.9917445329543 7.821084591990808e-15
1215.0017445329543 8.299111368150289e-15
1215.0117445329543 8.831320889605477e-15
1215.0217445329542 9.424565245010908e-15
1215.0317445329542 1.0087687437345771e-14
1215.0417445329542 1.0827589549672862e-14
1215.0517445329542 1.1648950663163347e-14
1215.0617445329542 1.2564366710434139e-14
1215.0717445329542 1.3572618348186737e-14
1215.0817445329542 1.46980418809956e-14
1215.0917445329542 1.5942766436397796e-14
1215.1017445329542 1.7312312973277644e-14
1215.1117445329542 1.883074289714679e-14
1215.1217445329542 2.048838830999056e-14
1215.1317445329541 2.2305692119363557e-14
1215.1417445329541 2.4278052629425498e-14
1215.1517445329541 2.6427674476201887e-14
1215.1617445329541 2.8754150681251696e-14
1215.171744532954 3.1264594071463986e-14
1215.181744532954 3.3956071902500744e-14
1215.191744532954 3.6828022708360006e-14
1215.201744532954 3.988057691469721e-14
1215.211744532954 4.3085242128473856e-14
1215.221744532954 4.627887121145631e-14
1215.231744532954 4.891862576847373e-14
1215.241744532954 4.9476106129420376e-14
1215.251744532954 4.532852001075824e-14
1215.261744532954 3.6036339477414063e-14
1215.271744532954 2.453662102333543e-14
1215.281744532954 1.631853356870587e-14
1215.291744532954 1.3612193757552876e-14
1215.301744532954 1.6021697860655724e-14
1215.311744532954 2.517263904564438e-14
1215.321744532954 4.236859389991704e-14
1215.331744532954 6.253485924863304e-14
1215.341744532954 7.871730088247258e-14
1215.351744532954 8.764839671641159e-14
1215.361744532954 9.12927992162979e-14
1215.371744532954 9.237678310261303e-14
1215.381744532954 9.198117429797787e-14
1215.391744532954 9.035668319164703e-14
1215.401744532954 8.752648097643174e-14
1215.411744532954 8.338888033468989e-14
1215.4217445329539 7.785569321740827e-14
1215.4317445329539 7.08817875117959e-14
1215.4417445329539 6.244822967697545e-14
1215.4517445329539 5.227653257464604e-14
1215.4617445329538 3.976525214394975e-14
1215.4717445329538 2.4998003525497613e-14
1215.4817445329538 7.18093676121398e-15
1215.4917445329538 7.558318389782618e-17
1215.5017445329538 4.5073953655120796e-24
1215.5117445329538 7.895265170523957e-49
1215.5217445329538 5.784163628450554e-125
1215.5317445329538 0.0
1215.5417445329538 0.0
1215.5517445329538 0.0
1215.5617445329538 0.0
1215.5717445329537 0.0
1215.5817445329537 0.0
1215.5917445329537 0.0
1215.6017445329537 0.0
1215.6117445329537 0.0
1215.6217445329537 0.0
1215.6317445329537 0.0
1215.6417445329537 0.0
1215.6517445329537 0.0
1215.6617445329537 0.0
1215.6717445329537 0.0
1215.6817445329536 0.0
1215.6917445329536 0.0
1215.7017445329536 0.0
1215.7117445329536 0.0
1215.7217445329536 1.8730558526673454e-180
1215.7317445329536 6.284915927338006e-68
1215.7417445329536 6.0849476535036086e-30
1215.7517445329536 1.8608305483585466e-18
1215.7617445329536 3.0158075002097952e-15
1215.7717445329536 2.2712069074061637e-14
1215.7817445329536 4.252938610912698e-14
1215.7917445329535 5.962168133120674e-14
1215.8017445329535 7.425176387646647e-14
1215.8117445329535 8.661792088452433e-14
1215.8217445329535 9.741754839174594e-14
1215.8317445329535 1.066420620839435e-13
1215.8417445329535 1.1421020644150826e-13
1215.8517445329535 1.2022510711832046e-13
1215.8617445329535 1.2463788294183126e-13
1215.8717445329535 1.275526453377015e-13
1215.8817445329535 1.2914072613325226e-13
1215.8917445329535 1.2947401384359753e-13
1215.9017445329534 1.2870846421275292e-13
1215.9117445329534 1.269637956362379e-13
1215.9217445329534 1.244076791810304e-13
1215.9317445329534 1.2116912888161023e-13
1215.9417445329534 1.1735288368570637e-13
1215.9517445329534 1.1306848300084231e-13
1215.9617445329534 1.0843338992557098e-13
1215.9717445329534 1.0354409751133441e-13
1215.9817445329534 9.846643663746759e-14
1215.9917445329534 9.327705467154873e-14
1216.0017445329534 8.805412026842695e-14
1216.0117445329533 8.286500101647183e-14
1216.0217445329533 7.771836914398936e-14
1216.0317445329533 7.267663822890022e-14
1216.0417445329533 6.779148353170126e-14
1216.0517445329533 6.308134436024804e-14
1216.0617445329533 5.855874516327396e-14
1216.0717445329533 5.423659472591555e-14
1216.0817445329533 5.0140043613441035e-14
1216.0917445329533 4.6262565299476915e-14
1216.1017445329533 4.262162108173582e-14
1216.1117445329533 3.919796162642866e-14
1216.1217445329532 3.601719197439531e-14
1216.1317445329532 3.305838594937184e-14
1216.1417445329532 3.032070951926851e-14
1216.1517445329532 2.779374465637688e-14
1216.1617445329532 2.5462654309005117e-14
1216.1717445329532 2.3336357947891497e-14
1216.1817445329532 2.139125246657013e-14
1216.1917445329532 1.962337041739583e-14
1216.2017445329532 1.801290782426874e-14
1216.2117445329532 1.655493006139835e-14
1216.2217445329532 1.5236647287341743e-14
1216.2317445329531 1.4052182615371263e-14
1216.2417445329531 1.2983615598540722e-14
1216.2517445329531 1.2022743412871304e-14
1216.2617445329531 1.1159929495657349e-14
1216.271744532953 1.038718704128299e-14
1216.281744532953 9.695903420454849e-15
1216.291744532953 9.077785992621284e-15
1216.301744532953 8.522852386558175e-15
1216.311744532953 8.024847268138651e-15
1216.321744532953 7.580461543094174e-15
1216.331744532953 7.17840013250901e-15
1216.341744532953 6.8200276190917585e-15
1216.351744532953 6.497453253911095e-15
1216.361744532953 6.209140985035644e-15
1216.371744532953 5.947776560158577e-15
1216.381744532953 5.713693011931697e-15
1216.391744532953 5.500225270968362e-15
1216.401744532953 5.307131691091639e-15
1216.411744532953 5.129176131220506e-15
1216.421744532953 4.964998695284166e-15
1216.431744532953 4.813113471823895e-15
1216.441744532953 4.672826436177025e-15
1216.451744532953 4.5418363753247996e-15
1216.461744532953 4.418024470894594e-15
1216.471744532953 4.301143695090537e-15
1216.481744532953 4.191322703700787e-15
1216.491744532953 4.086953346206839e-15
1216.501744532953 3.9850287920330754e-15
1216.511744532953 3.88943541751917e-15
1216.5217445329529 3.795746974976445e-15
1216.5317445329529 3.7048893174391834e-15
1216.5417445329529 3.616543132251447e-15
1216.5517445329529 3.52979882059342e-15
1216.5617445329528 3.4468980980716974e-15
1216.5717445329528 3.3649678708001546e-15
1216.5817445329528 3.284976744001133e-15
1216.5917445329528 3.2054816920816586e-15
1216.6017445329528 3.1284404247594376e-15
1216.6117445329528 3.0525799679767438e-15
1216.6217445329528 2.977767327136598e-15
1216.6317445329528 2.905069412415745e-15
1216.6417445329528 2.8328381329670917e-15
1216.6517445329528 2.7616585841841343e-15
1216.6617445329528 2.692080717406662e-15
1216.6717445329527 2.6238052347986227e-15
1216.6817445329527 2.5565491449422343e-15
1216.6917445329527 2.490160222898278e-15
1216.7017445329527 2.425880978977236e-15
1216.7117445329527 2.36264151843543e-15
1216.7217445329527 2.2999843579708943e-15
1216.7317445329527 2.2395210689331464e-15
1216.7417445329527 2.1797708042551956e-15
1216.7517445329527 2.121141921600112e-15
1216.7617445329527 2.0634386438849874e-15
1216.7717445329527 2.0066051635874694e-15
1216.7817445329526 1.9524563611523574e-15
1216.7917445329526 1.897926461382681e-15
1216.8017445329526 1.844627149454352e-15
1216.8117445329526 1.7924003078568697e-15
1216.8217445329526 1.7413967182340633e-15
1216.8317445329526 1.6904450722506203e-15
1216.8417445329526 1.6407637737789798e-15
1216.8517445329526 1.5929662842034696e-15
1216.8617445329526 1.5447921581328057e-15
1216.8717445329526 1.498187910366844e-15
1216.8817445329526 1.4529114316658314e-15
1216.8917445329525 1.40887635728311e-15
1216.9017445329525 1.3662753400724427e-15
1216.9117445329525 1.3237347232160949e-15
1216.9217445329525 1.2820476981784364e-15
1216.9317445329525 1.2418454927780848e-15
1216.9417445329525 1.2022271726109946e-15
1216.9517445329525 1.1636258370666782e-15
1216.9617445329525 1.1259627908408667e-15
1216.9717445329525 1.0887862887185037e-15
1216.9817445329525 1.0531255901773036e-15
1216.9917445329525 1.0177388019122971e-15
1217.0017445329524 9.83535281943825e-16
1217.0117445329524 9.50520287390844e-16
1217.0217445329524 9.177107005007217e-16
1217.0317445329524 8.861786433904699e-16
1217.0417445329524 8.556413037106449e-16
1217.0517445329524 8.259425445544682e-16
1217.0617445329524 7.968214445616607e-16
1217.0717445329524 7.685591983449092e-16
1217.0817445329524 7.410603655188553e-16
1217.0917445329524 7.145968148136863e-16
1217.1017445329524 6.890092739390498e-16
1217.1117445329523 6.638292359333663e-16
1217.1217445329523 6.39462993345436e-16
1217.1317445329523 6.159870240123644e-16
1217.1417445329523 5.931603846528672e-16
1217.1517445329523 5.709405287197503e-16
1217.1617445329523 5.494326235341477e-16
1217.1717445329523 5.286904894523546e-16
1217.1817445329523 5.086612153204885e-16
1217.1917445329523 4.890700303369251e-16
1217.2017445329523 4.701449115468204e-16
1217.2117445329523 4.518752340431731e-16
1217.2217445329522 4.341269652239671e-16
1217.2317445329522 4.1714081975850597e-16
1217.2417445329522 4.0055526195205116e-16
1217.2517445329522 3.8468885394820397e-16
1217.2617445329522 3.6926492655131633e-16
1217.2717445329522 3.545122984268801e-16
1217.2817445329522 3.401597851396202e-16
1217.2917445329522 3.2634082051366327e-16
1217.3017445329522 3.128886965402648e-16
1217.3117445329522 2.9991852259922255e-16
1217.3217445329522 2.8735084706916586e-16
1217.3317445329521 2.752218026400441e-16
1217.3417445329521 2.6349928556807444e-16
1217.3517445329521 2.522393825122066e-16
1217.3617445329521 2.4140248775683387e-16
1217.371744532952 2.3108189362340957e-16
1217.381744532952 2.2116561238976468e-16
1217.391744532952 2.1157637062534721e-16
1217.401744532952 2.0236823129287962e-16
1217.411744532952 1.9353727114678074e-16
1217.421744532952 1.8503138293615867e-16
1217.431744532952 1.7682517577660485e-16
1217.441744532952 1.6895282860669207e-16
1217.451744532952 1.6137759797755574e-16
1217.461744532952 1.5416309720634895e-16
1217.471744532952 1.472122476596456e-16
1217.481744532952 1.4052219064033355e-16
1217.491744532952 1.340676434971985e-16
1217.501744532952 1.2789293930122527e-16
1217.511744532952 1.2201183012732605e-16
1217.521744532952 1.1638288503305042e-16
1217.531744532952 1.1095070191920388e-16
1217.541744532952 1.0574295763885145e-16
1217.551744532952 1.0077495039577019e-16
1217.561744532952 9.601071153286767e-17
1217.571744532952 9.142338395302086e-17
1217.581744532952 8.706333466982654e-17
1217.591744532952 8.288991271894098e-17
1217.601744532952 7.885039183170526e-17
1217.611744532952 7.503697278571631e-17
1217.6217445329519 7.139236151657346e-17
1217.6317445329519 6.789733640205747e-17
1217.6417445329519 6.459107467796487e-17
1217.6517445329519 6.137537025934462e-17
1217.6617445329518 5.829525665329471e-17
1217.6717445329518 5.539440916760586e-17
1217.6817445329518 5.2621787042423294e-17
1217.6917445329518 4.999472022886774e-17
1217.7017445329518 4.7471707173428655e-17
1217.7117445329518 4.505062215125216e-17
1217.7217445329518 4.275560937560788e-17
1217.7317445329518 4.0574058596472083e-17
1217.7417445329518 3.848894929789676e-17
1217.7517445329518 3.6505715301586216e-17
1217.7617445329518 3.4609702202188283e-17
1217.7717445329517 3.2804075902745307e-17
1217.7817445329517 3.108535204267824e-17
1217.7917445329517 2.946453485355719e-17
1217.8017445329517 2.791324309012306e-17
1217.8117445329517 2.6429555402456834e-17
1217.8217445329517 2.5012919943648858e-17
1217.8317445329517 2.3679388064252598e-17
1217.8417445329517 2.2414965575713262e-17
1217.8517445329517 2.1218768818558536e-17
1217.8617445329517 2.0074286133473227e-17
1217.8717445329517 1.8986565571439975e-17
1217.8817445329516 1.795935188431892e-17
1217.8917445329516 1.6984455813704483e-17
1217.9017445329516 1.6059076846425987e-17
