src/LyA_code/Observation_new_v2/data/coadd_fit.ecsv
# %ECSV 0.9
# ---
# datatype:
# - {name: w, datatype: float64}
# - {name: y, datatype: float64}
# schema: astropy-2.0
w y
[from data line 787]
1217.9217445329516 1.4345379232100985e-17
1217.9317445329516 1.3552886534768317e-17
1217.9417445329516 1.2800949169434593e-17
1217.9517445329516 1.2092260431442459e-17
1217.9617445329516 1.1418000569450143e-17
1217.9717445329516 1.077985272194664e-17
1217.9817445329516 1.017468995848193e-17
1217.9917445329515 9.607938186190072e-18
1218.0017445329515 9.067433475950185e-18
1218.0117445329515 8.555462643215509e-18
1218.0217445329515 8.07221034249229e-18
1218.0317445329515 7.615637513100042e-18
1218.0417445329515 7.182996323907153e-18
1218.0517445329515 6.773721149944826e-18
1218.0617445329515 6.387871096181224e-18
1218.0717445329515 6.024546958313315e-18
1218.0817445329515 5.679543398862773e-18
1218.0917445329515 5.3542269933588785e-18
1218.1017445329514 5.04801910062143e-18
1218.1117445329514 4.759429306285388e-18
1218.1217445329514 4.486504904159784e-18
1218.1317445329514 4.231313045567807e-18
1218.1417445329514 3.990636743787255e-18
1218.1517445329514 3.7626741630716866e-18
1218.1617445329514 3.546854902471398e-18
1218.1717445329514 3.3453756601636205e-18
1218.1817445329514 3.1551837876534055e-18
1218.1917445329514 2.9757776393483186e-18
1218.2017445329514 2.8063342722280396e-18
1218.2117445329513 2.647055167981135e-18
1218.2217445329513 2.497408898082143e-18
1218.2317445329513 2.3560600930320675e-18
1218.2417445329513 2.2237845480115156e-18
1218.2517445329513 2.099197066934348e-18
1218.2617445329513 1.98183808721771e-18
1218.2717445329513 1.871437347071133e-18
1218.2817445329513 1.7674766608434326e-18
1218.2917445329513 1.6704236470536341e-18
1218.3017445329513 1.5788417007394322e-18
1218.3117445329513 1.4922902020477312e-18
1218.3217445329512 1.4117117329372624e-18
1218.3317445329512 1.337050487309368e-18
1218.3417445329512 1.2651390751615355e-18
1218.3517445329512 1.1976854268461726e-18
1218.3617445329512 1.1349440019730541e-18
1218.3717445329512 1.0753520654310224e-18
1218.3817445329512 1.020612398906075e-18
1218.3917445329512 9.681368932484533e-19
1218.4017445329512 9.203952794396832e-19
1218.4117445329512 8.75078059162385e-19
1218.4217445329512 8.327741440115856e-19
1218.4317445329511 7.9220988669149245e-19
1218.4417445329511 7.546977198907297e-19
1218.4517445329511 7.200727170785332e-19
1218.4617445329511 6.880787781191446e-19
1218.471744532951 6.574856630517573e-19
1218.481744532951 6.29061071654467e-19
1218.491744532951 6.027699518467341e-19
1218.501744532951 5.774681549870543e-19
1218.511744532951 5.53993787724196e-19
1218.521744532951 5.316781078330252e-19
1218.531744532951 5.10875767082095e-19
1218.541744532951 4.915378993822839e-19
1218.551744532951 4.735695444157022e-19
1218.561744532951 4.563954367374263e-19
1218.571744532951 4.405728100594761e-19
1218.581744532951 4.2549346878203393e-19
1218.591744532951 4.113825240056347e-19
1218.601744532951 3.978820865971721e-19
1218.611744532951 3.859847079187991e-19
1218.621744532951 3.747778633878747e-19
1218.631744532951 3.6397655616999947e-19
1218.641744532951 3.5381424150823853e-19
1218.651744532951 3.443379832183562e-19
1218.661744532951 3.357381131611362e-19
1218.671744532951 3.275012730617634e-19
1218.681744532951 3.1992238301285723e-19
1218.691744532951 3.125679927923059e-19
1218.701744532951 3.0575651027252744e-19
1218.711744532951 2.9952167753309633e-19
1218.7217445329509 2.938829461833781e-19
1218.7317445329509 2.886135458510924e-19
1218.7417445329509 2.8353512570628335e-19
1218.7517445329509 2.7871308670591086e-19
1218.7617445329508 2.741119267803529e-19
1218.7717445329508 2.698964322871932e-19
1218.7817445329508 2.6570504510064106e-19
1218.7917445329508 2.6146446832170715e-19
1218.8017445329508 2.577792409002809e-19
1218.8117445329508 2.5391969980759404e-19
1218.8217445329508 2.5041878954081266e-19
1218.8317445329508 2.4716247788230296e-19
1218.8417445329508 2.437815883842406e-19
1218.8517445329508 2.4061468644846276e-19
1218.8617445329508 2.376214583554979e-19
1218.8717445329507 2.346420205725896e-19
1218.8817445329507 2.3186271453411465e-19
1218.8917445329507 2.291451150294497e-19
1218.9017445329507 2.2663873926050606e-19
1218.9117445329507 2.241148257498076e-19
1218.9217445329507 2.2168975387955586e-19
1218.9317445329507 2.193690179860807e-19
1218.9417445329507 2.1706830665978375e-19
1218.9517445329507 2.147834429700764e-19
1218.9617445329507 2.1251524556261084e-19
1218.9717445329507 2.1035850289515276e-19
1218.9817445329506 2.0828155480904575e-19
1218.9917445329506 2.0624539547610675e-19
1219.0017445329506 2.0433172738224182e-19
1219.0117445329506 2.025448581885403e-19
1219.0217445329506 2.006879359594951e-19
1219.0317445329506 1.9877470398330108e-19
1219.0417445329506 1.9698401613039832e-19
1219.0517445329506 1.9516762148884727e-19
1219.0617445329506 1.9343532056263557e-19
1219.0717445329506 1.9178248364392308e-19
1219.0817445329506 1.901583382310439e-19
1219.0917445329505 1.8846347505296596e-19
1219.1017445329505 1.8693563667743485e-19
1219.1117445329505 1.8542356300939884e-19
1219.1217445329505 1.8395872556568785e-19
1219.1317445329505 1.8245627978232208e-19
1219.1417445329505 1.809857173885718e-19
1219.1517445329505 1.7947413403637257e-19
1219.1617445329505 1.780789082909103e-19
1219.1717445329505 1.767557262025516e-19
1219.1817445329505 1.754318024011428e-19
1219.1917445329505 1.741268453542758e-19
1219.2017445329504 1.7286784104562483e-19
1219.2117445329504 1.7155801340699159e-19
1219.2217445329504 1.7035920189470982e-19
1219.2317445329504 1.6916668027552692e-19
1219.2417445329504 1.6798277543658732e-19
1219.2517445329504 1.6680002555505918e-19
1219.2617445329504 1.656970405345617e-19
1219.2717445329504 1.6461618709456533e-19
1219.2817445329504 1.6348110894227663e-19
1219.2917445329504 1.6239728692551046e-19
1219.3017445329504 1.6134928972147533e-19
1219.3117445329503 1.6031117948493336e-19
1219.3217445329503 1.593151555982317e-19
1219.3317445329503 1.5833144979619715e-19
1219.3417445329503 1.5733422270284913e-19
1219.3517445329503 1.5640659168087312e-19
1219.3617445329503 1.5545806798816637e-19
1219.3717445329503 1.5451497932945745e-19
1219.3817445329503 1.5354507028666004e-19
1219.3917445329503 1.5262326446145868e-19
1219.4017445329503 1.5167660003624877e-19
1219.4117445329503 1.5078430736864244e-19
1219.4217445329502 1.4987726143681958e-19
1219.4317445329502 1.4898945767957978e-19
1219.4417445329502 1.4814403900221882e-19
1219.4517445329502 1.4730655186909142e-19
1219.4617445329502 1.4645884009512309e-19
1219.4717445329502 1.4560799914186894e-19
1219.4817445329502 1.4478878067797356e-19
1219.4917445329502 1.4397114124075146e-19
1219.5017445329502 1.431901031872409e-19
1219.5117445329502 1.424226072253697e-19
1219.5217445329502 1.4164280309786195e-19
1219.5317445329501 1.4087352772740116e-19
1219.5417445329501 1.401163430535204e-19
1219.5517445329501 1.3934369249139518e-19
1219.5617445329501 1.3859998726317073e-19
1219.57174453295 1.3786765775102153e-19
1219.58174453295 1.3714490386549045e-19
1219.59174453295 1.3641419622339427e-19
1219.60174453295 1.3568885165797055e-19
1219.61174453295 1.349388000477049e-19
1219.62174453295 1.3424570069837688e-19
1219.63174453295 1.3356280277185808e-19
1219.64174453295 1.328779165101374e-19
1219.65174453295 1.3216932458035404e-19
1219.66174453295 1.3149192682320526e-19
1219.67174453295 1.3082263648807104e-19
1219.68174453295 1.3016065559617118e-19
1219.69174453295 1.2950968874183429e-19
1219.70174453295 1.2886001675288441e-19
1219.71174453295 1.282098597704291e-19
1219.72174453295 1.2757087053227436e-19
1219.73174453295 1.2693639463912912e-19
1219.74174453295 1.263059199347206e-19
1219.75174453295 1.2567815708312875e-19
1219.76174453295 1.2505189845169626e-19
1219.77174453295 1.2443783823726312e-19
1219.78174453295 1.238219142509065e-19
1219.79174453295 1.2321447922576266e-19
1219.80174453295 1.226112920340377e-19
1219.81174453295 1.2199620133763908e-19
1219.8217445329499 1.2140106774846277e-19
1219.8317445329499 1.208154979199373e-19
1219.8417445329499 1.2022738218726649e-19
1219.8517445329499 1.196498080769172e-19
1219.8617445329498 1.1907337380026713e-19
1219.8717445329498 1.185037252028253e-19
1219.8817445329498 1.1793885551472415e-19
1219.8917445329498 1.1737803181713156e-19
1219.9017445329498 1.1682088141573265e-19
1219.9117445329498 1.1626763498344372e-19
1219.9217445329498 1.1571765576618852e-19
1219.9317445329498 1.1516951385504412e-19
1219.9417445329498 1.1462534298462511e-19
1219.9517445329498 1.1408654401268189e-19
1219.9617445329498 1.1355205475052513e-19
1219.9717445329497 1.130221725569618e-19
1219.9817445329497 1.1249600598070721e-19
