src/LyA_code/Observation_new_v2/data/gj436_g140m_oot_coadd.spec
# %ECSV 0.9
# ---
# datatype:
# - {name: w, unit: Angstrom, datatype: float64}
# - {name: dw, unit: Angstrom, datatype: float64}
# - {name: y, unit: erg / (Angstrom cm2 s), datatype: float64}
# - {name: err, unit: erg / (Angstrom cm2 s), datatype: float64}
# meta: !!omap
# - ynames: [f, flux]
# - meta: {aperture: 52X0.05}
# - references: []
# schema: astropy-2.0
w dw y err
[from data line 953]
1245.5388797379035 0.05316915432058522 -3.733723104172101e-17 3.630253868861705e-20
1245.5920491121358 0.053169594144037546 -3.623033480149883e-18 4.892024953606793e-17
1245.6452181441814 0.05316846994696789 -4.110445712645695e-17 3.556062303798926e-20
1245.6983868340467 0.05316890978383526 -1.3640712097377736e-17 3.640130386239153e-17
1245.7515551817382 0.05316778559949853 5.5282595776602386e-17 7.141123636550687e-17
1245.8047231872629 0.05316822544978095 6.66665706093922e-17 8.182259385770301e-17
1245.8578908506274 0.05316710127908664 1.038826756449105e-18 5.274344919751443e-17
1245.9110581718378 0.05316754114187461 1.239092026292028e-16 1.1210607904539612e-16
1245.9642251509015 0.053166416985277465 2.7311751805343307e-17 6.931982111875031e-17
1246.0173917878242 0.05316685686011624 1.0904189644492491e-16 9.363772688544423e-17
1246.0705580826134 0.05316573271807101 6.201604798717587e-17 8.218872474309094e-17
1246.1237240352748 0.05316617260496059 -2.683107847839938e-17 4.9330755676771485e-17
1246.1768896458157 0.053165048476557786 1.7925751469271864e-17 7.692062987677091e-17
1246.230054914242 0.053165488376407666 -3.032265703608091e-17 4.810715614885357e-17
1246.2832198405613 0.053164364262102026 -4.289030125131461e-17 3.4237310067207954e-17
1246.3363844247797 0.05316480417445746 -7.361762960781241e-17 3.577203319784805e-20
1246.389548666903 0.05316368007243 -3.9777729852560545e-17 4.936081423478325e-17
1246.4427125669395 0.05316412000047421 -3.2052520449285394e-17 5.3005871993414026e-17
1246.4958761248943 0.053162995909133315 1.790382258312851e-17 7.505560261601582e-17
1246.549039340775 0.05316343585195682 1.5969824125741208e-17 8.077036453764195e-17
1246.6022022145874 0.05316231177312147 -6.621711260337885e-17 2.9767323966507377e-17
1246.6553647463384 0.053162751728677904 3.4074889019561604e-17 8.536895393495169e-17
1246.708526936035 0.05316162766462185 -4.772472120196577e-17 4.466337026045622e-17
1246.7616887836832 0.05316206763200171 -5.59848461473416e-17 4.076992543714517e-17
1246.81485028929 0.053160943581815445 -6.139878479719797e-17 3.959141245773367e-17
1246.868011452862 0.05316138356192823 -7.290740851408498e-17 3.3836538196810427e-17
1246.9211722744058 0.053160259525611764 -1.000760770916014e-16 1.452346630060953e-17
1246.9743327539277 0.0531606995182301 9.896880377861919e-17 1.16554997931625e-16
1247.0274928914341 0.053159575494873934 7.678290810766751e-17 1.09308806133194e-16
1247.0806526869328 0.05316001550227156 -2.3402968864631277e-17 7.653447239750366e-17
1247.1338121404292 0.05315889149028408 -6.388662011229201e-17 5.38136071701937e-17
1247.1869712519301 0.05315933151200625 -1.675959907880373e-17 8.202220862356279e-17
1247.2401300214426 0.05315820751275169 -1.2183351625275054e-17 8.641610012742777e-17
1247.2932884489728 0.053158647547888904 -8.505480686993996e-17 5.243306654186274e-17
1247.3464465345278 0.05315752356182202 -9.456942936384778e-17 4.808797979766345e-17
1247.3996042781137 0.053157963609919534 -6.568759201942553e-17 6.295418966928047e-17
1247.4527616797373 0.053156839637267694 8.83780995142804e-17 1.16374478273057e-16
1247.5059187394052 0.053157279698552884 -5.257456923049135e-17 6.687184452091191e-17
1247.5590754571235 0.053156155738406596 -8.824647795263824e-17 5.071879889277745e-17
1247.6122318329003 0.053156595815153196 -1.324251378297976e-16 1.9518949584333026e-17
1247.6653878667407 0.05315547186569347 -1.447412016450781e-16 3.5653662568919285e-20
1247.7185435586516 0.05315591195608249 -4.932172045214398e-17 8.022499570026654e-17
1247.77169890864 0.05315478802049256 6.814463695459041e-17 1.2182121533773998e-16
1247.8248539167125 0.05315522812429663 -3.222579776360735e-17 9.078755151201538e-17
1247.878008582875 0.053154104200984875 -1.1093945678397595e-16 5.25828828896444e-17
1247.9311629071349 0.053154544318658736 -1.159892025680905e-16 4.378882727462824e-17
1247.9843168894984 0.053153420408307284 2.6250884215197192e-17 1.0517492974377944e-16
1248.0374705299723 0.05315386053939619 -9.676318567387958e-17 5.4030892910067506e-17
1248.0906238285627 0.05315273664155029 -1.4362739764447416e-16 3.3423123063993825e-17
1248.1437767852772 0.053153176787191114 -1.7304832614525434e-16 3.539960754532443e-20
1248.196929400121 0.05315205290094127 -1.6090185828626055e-16 2.5670013377624995e-17
1248.2500816731017 0.05315249306045189 -1.5318676498910985e-16 3.2994112889830315e-17
1248.303233604226 0.05315136918807184 -1.1657193776874106e-16 6.578217314475025e-17
1248.3563851935 0.05315180935963326 -1.5008754528111254e-16 4.876507523074248e-17
1248.4095364409307 0.05315068550180513 -1.6062403643888828e-16 4.4227669924970626e-17
1248.462687346524 0.05315112568496261 -1.3071773979458562e-16 6.067426281080686e-17
1248.5158379102872 0.053150001841459016 -3.97997503554614e-17 9.7918904471889e-17
1248.5689881322264 0.05315044203712205 -1.2965049745919284e-17 6.704705579324453e-17
1248.6221380123488 0.05314931820748825 1.4097087281088056e-16 1.0534749904433375e-16
1248.6752875506604 0.05314975841542946 3.001615567872776e-18 1.5818379494208694e-17
1248.728436747168 0.053148634600120204 1.4005302770155522e-16 1.0840378512952087e-16
1248.7815856018783 0.053149074820566966 3.6552310022884023e-17 6.01708834007412e-17
1248.8347341147978 0.05314795101821801 4.862987066381007e-19 1.1977016922854367e-19
