src/LyA_code/Observation_new_v2/data/gj436_g140m_oot_coadd.spec
# %ECSV 0.9
# ---
# datatype:
# - {name: w, unit: Angstrom, datatype: float64}
# - {name: dw, unit: Angstrom, datatype: float64}
# - {name: y, unit: erg / (Angstrom cm2 s), datatype: float64}
# - {name: err, unit: erg / (Angstrom cm2 s), datatype: float64}
# meta: !!omap
# - ynames: [f, flux]
# - meta: {aperture: 52X0.05}
# - references: []
# schema: astropy-2.0
w dw y err
[from data line 191]
1204.9238497048223 0.053431839678296456 -1.5710125469705611e-16 3.692155323098221e-16
1204.9772817618484 0.05343227437379028 -1.763887189225279e-16 3.373831732135685e-16
1205.0307134715913 0.05343114511174463 2.526556767023829e-17 3.729722975225866e-16
1205.0841448340568 0.05343157981951663 4.1072584131476014e-16 4.2763638098204534e-16
1205.1375758492527 0.05343045057247764 5.0515109132103e-16 4.201740799108998e-16
1205.191006517185 0.0534308852918457 -1.7865710611562987e-17 3.8483127154193247e-16
1205.244436837861 0.053429756060040745 3.864499426110198e-17 3.8203230385352364e-16
1205.2978668112871 0.0534301907923691 1.0266460014716737e-16 3.8991995760516974e-16
1205.3512964374709 0.05342906157488869 -3.0736335538461423e-16 3.4739957202745986e-16
1205.4047257164175 0.05342949631881311 -3.483204497742909e-16 3.2446611790223316e-16
1205.458154648135 0.053428367116111986 1.6511177280997598e-16 3.8474464698032e-16
1205.5115832326305 0.053428801874588316 9.266678151152393e-16 4.921140417205831e-16
1205.5650114699097 0.053427672683710625 9.491834058862635e-16 5.0564994724175825e-16
1205.6184393599792 0.05342810745582938 3.977789895852289e-16 4.351014614645864e-16
1205.671866902847 0.05342697827927623 8.2427809454069925e-16 4.914673744509612e-16
1205.725294098519 0.0534274130650374 8.09049998277987e-17 4.0311635077170796e-16
1205.7787209470025 0.053426283901899296 6.176478096682616e-16 4.4805452927796905e-16
1205.8321474483037 0.05342671870062077 1.971710965894126e-16 3.809157636193858e-16
1205.8855736024298 0.05342558955135246 1.004230541158362e-15 4.9939662581865e-16
1205.9389994093867 0.053426024362806857 5.322688980992632e-16 4.558461252798586e-16
1205.9924248691827 0.05342489522922733 3.2278568573530006e-16 4.0438424952834357e-16
1206.0458499818237 0.05342533005250516 3.171100712793878e-16 4.144355144066526e-16
1206.0992747473165 0.05342420093279543 4.206508275970558e-16 4.447540446395349e-16
1206.1526991656676 0.05342463576971568 6.318501883163853e-16 4.648514277275537e-16
1206.206123236884 0.05342350666296625 3.774724364241739e-16 4.3310843478017566e-16
1206.2595469609723 0.053423941513983664 4.8960419002460205e-16 4.402837288339338e-16
1206.31297033794 0.05342281242110403 5.210600247012109e-16 4.456061924971482e-16
1206.366393367793 0.05342324728508174 1.1490549347518107e-15 5.185104003451282e-16
1206.4198160505384 0.05342211820561715 1.514836203745966e-15 5.483799251818933e-16
1206.473238386183 0.05342255308369204 1.7715158552238103e-15 5.878839761858923e-16
1206.5266603747339 0.05342142401786987 2.5257836381369246e-15 6.389806425918105e-16
1206.5800820161971 0.05342185890867768 1.2817781946555652e-15 5.392253315675381e-16
1206.6335033105797 0.0534207298567253 1.8543493874786397e-16 4.1268002658483505e-16
1206.6869242578887 0.05342116476117553 1.4332197487052738e-18 3.6958832777392856e-16
1206.7403448581308 0.05342003572309295 1.4180668293713057e-16 3.983609641459694e-16
1206.7937651113125 0.053420470640048734 4.322611114258721e-16 4.3504134468999223e-16
1206.847185017441 0.05341934161674544 5.3699185676683e-16 4.601384870938041e-16
1206.9006045765223 0.0534197765459794 1.1574957420745737e-16 4.027805239345533e-16
1206.954023788564 0.053418647537228026 2.1202164326444965e-16 4.133685773164577e-16
1207.0074426535723 0.05341908247964966 3.6871330734781973e-16 4.2182911127276214e-16
1207.060861171554 0.05341795348385858 3.523111596128982e-16 4.181718137004697e-16
1207.1142793425165 0.053418388441059506 1.4801146683954013e-16 3.916786484685479e-16
1207.167697166466 0.05341725945777398 -1.3273940521892593e-16 3.496957764699525e-16
1207.2211146434092 0.053417694428617324 2.657973712816323e-16 4.152465995604608e-16
1207.274531773353 0.05341656545920159 1.8918662121021522e-16 3.9356087162229804e-16
1207.3279485563044 0.05341700044368736 2.245289857153789e-16 3.9966246673210324e-16
1207.38136499227 0.053415871487231925 3.2421144818550137e-16 4.2654328971913004e-16
1207.4347810812565 0.053416306485587484 2.8374409493195917e-16 4.3649757796994523e-16
1207.4881968232703 0.05341517754209235 -2.03000525749804e-16 3.6350844395233276e-16
1207.5416122183185 0.05341561255454508 4.824917040220159e-16 4.3099684521931855e-16
1207.5950272664081 0.053414483624692366 2.8708748196444056e-16 4.129834932698723e-16
1207.6484419675458 0.053414918650332766 -2.365415203383731e-16 3.293432107359017e-16
1207.701856321738 0.05341378973434985 -3.081289923026649e-16 3.1789786277580257e-16
1207.755270328992 0.05341422477363267 2.885453935997283e-16 4.093697940284261e-16
1207.808683989314 0.05341309587061005 4.281804688257698e-16 4.3028265131328344e-16
1207.862097302711 0.05341353092330792 1.6894848604688828e-16 3.8987246568550515e-16
1207.9155102691898 0.05341240203438247 -1.1887119611049816e-16 3.537880312970199e-16
1207.968922888757 0.05341283710004063 -9.067293785213196e-17 3.5003923623179655e-16
1208.0223351614197 0.05341170822521235 3.3391948972626596e-16 4.1781287519540213e-16
1208.0757470871843 0.05341214330383082 8.485218223750116e-16 4.80207737948094e-16
1208.1291586660577 0.05341101444287233 1.1213091819347694e-16 4.0045135321646387e-16
1208.182569898047 0.053411449535815336 1.4026536884318893e-16 4.047384100772749e-16
1208.235980783158 0.05341032068622553 5.389445819504403e-16 4.3177584643719674e-16
1208.2893913213984 0.053410755794402576 3.979137326270325e-16 4.322561877705868e-16
1208.3428015127747 0.05340962695822782 7.077120445602678e-16 4.671235642504205e-16
1208.3962113572934 0.05341006207936516 6.029004152728949e-16 4.456473059301996e-16
1208.4496208549615 0.053408933256832825 1.0924899886471624e-15 5.176137888191699e-16
1208.5030300057856 0.053409368391385215 4.052738434590844e-16 4.233218836336962e-16
1208.5564388097728 0.053408239582950046 7.503917342968411e-17 3.750280865049655e-16
1208.6098472669296 0.053408674730462735 6.050970087635485e-17 3.8515905846415655e-16
1208.6632553772624 0.05340754593544261 -1.958893319788043e-16 3.432675347145039e-16
1208.716663140779 0.05340798109750722 -1.8602596570557263e-16 3.2739627066547733e-16
1208.7700705574848 0.05340685231431053 1.0101435038357042e-17 3.522143152907206e-16
1208.8234776273875 0.053407287491381794 3.8882149971830063e-16 4.028923446342428e-16
1208.8768843504936 0.053406158720690655 7.8673636160022565e-16 4.75775717032442e-16
1208.9302907268102 0.053406593912086464 8.49802354220921e-16 4.763038063376348e-16
1208.9836967563433 0.05340546515412825 6.012672024234836e-16 4.378903429970395e-16
1209.0371024390997 0.05340590035893911 -2.3740920164183164e-16 3.3254408934593795e-16
1209.0905077750872 0.053404771615987556 -2.7939850444259055e-17 3.597844487170448e-16
1209.1439127643116 0.05340520683284922 2.985106793257392e-16 3.963450934210062e-16
1209.1973174067803 0.05340407810422221 1.1611052386234595e-15 5.095642336160927e-16
1209.2507217024993 0.05340451333404417 1.9079932629438367e-15 6.016527243558698e-16
1209.3041256514755 0.05340338461837746 1.1004964815743252e-15 5.043388970031454e-16
1209.3575292537164 0.053403819863433455 3.590307043785658e-16 4.0162723108577477e-16
1209.4109325092281 0.05340269115981755 -3.5400392808367845e-17 3.585951204294104e-16
1209.464335418017 0.05340312641851597 2.3726338680831607e-16 3.897382314238399e-16
1209.517737980091 0.05340199772899723 2.5737518536613607e-16 3.81854817858346e-16
1209.5711401954559 0.05340243300065595 7.554593580238278e-17 3.6434331042299295e-16
1209.6245420641187 0.05340130432523438 -1.5992134093967607e-16 3.3158613466968065e-16
1209.6779435860863 0.05340173961008077 -9.506617852011816e-17 3.510678665904429e-16
1209.7313447613656 0.05340061094830162 -3.682255728005109e-17 3.5274139063740857e-16
1209.7847455899628 0.053401046245880934 -5.3580820598152574e-17 3.4416746983466604e-16
1209.8381460718851 0.05339991759933582 3.211767441801878e-18 3.574766954963109e-16
1209.891546207139 0.05340035290805645 1.9348458444541506e-16 3.7549111817930514e-16
1209.9449459957314 0.053399224276972745 1.1863539479446348e-16 3.7337128810888836e-16
1209.998345437669 0.05339965959819892 4.382802738892542e-16 4.2171158564622565e-16
1210.0517445329588 0.053398530980985015 4.0488375656520584e-16 4.0486098808243864e-16
1210.1051432816073 0.05339896631630836 9.164079226689117e-17 3.684156881100228e-16
1210.158541683621 0.053397837710917884 -2.9753125332434664e-17 3.4962681329531364e-16
1210.2119397390072 0.05339827306170264 -9.143587277616358e-17 3.4198078163720566e-16
1210.2653374477723 0.05339714446836297 -1.2030571644409292e-16 3.4104623026413265e-16
1210.3187348099227 0.05339757983279014 -7.811978003684808e-17 3.315938968111013e-16
1210.372131825466 0.053396451254002386 -6.298296910961951e-16 2.4558004451534164e-16
1210.4255284944088 0.053396886630935114 1.1780296155777355e-15 5.065112244751907e-16
1210.478924816757 0.053395758065562404 1.0036902394620455e-15 4.867167879439446e-16
1210.532320792518 0.053396193456819674 3.1767919433836536e-16 3.842335951809204e-16
1210.5857164216986 0.05339506490440726 6.768273960234429e-17 3.5146828080419487e-16
1210.6391117043054 0.05339550030907958 7.930743584886653e-16 4.462872397151762e-16
1210.6925066403455 0.05339437177076434 3.958623118281138e-16 4.232304151903311e-16
1210.745901229825 0.05339480718816958 9.039182509363783e-16 4.742717379937782e-16
1210.799295472751 0.053393678663951505 2.988985619536477e-16 4.1222594398729797e-16
1210.85268936913 0.05339411409431705 1.0112435097471444e-15 4.921929256128583e-16
1210.9060829189693 0.053392985584423514 1.5141812712852704e-15 5.368103230313532e-16
1210.9594761222752 0.05339342102683986 4.748286580057766e-16 4.0258306137764974e-16
1211.0128689790545 0.053392292531725616 2.277596755684492e-17 3.461762857969688e-16
1211.066261489314 0.053392727987329636 4.3706126797768744e-16 4.0875470767403487e-16
1211.1196536530601 0.053391599505403065 7.586321544856147e-16 4.508760382919988e-16
1211.1730454703002 0.053392034974649505 5.49801120508283e-16 4.1251029126338294e-16
1211.2264369410411 0.053390906507047475 -1.4757892841137677e-16 3.136491445401273e-16
1211.2798280652887 0.05339134198788997 2.1080600968242784e-16 3.825518761600024e-16
1211.3332188430504 0.05339021353552198 5.276149766842228e-16 4.1658692285262383e-16
1211.3866092743328 0.05339064902932478 -4.194400713248694e-16 3.325681403477289e-16
1211.4399993591423 0.05338952059014446 -1.0173609228594698e-15 3.0119058153344967e-16
1211.4933890974862 0.0533899560973623 -3.174190072411847e-17 3.7209288810004726e-16
1211.5467784893715 0.053388827673188644 4.1784039080987575e-16 4.083246417887205e-16
1211.6001675348039 0.05338926319177517 2.3441182715768437e-16 3.8160195116721745e-16
1211.6535562337904 0.053388134781243934 -3.8880381023917e-17 3.3988037738720994e-16
1211.706944586339 0.05338857031574662 3.929476334576454e-16 3.9578608188629154e-16
1211.760332592455 0.05338744191612932 1.1038107441821094e-16 3.748669567786445e-16
1211.8137202521452 0.0533878774645018 2.6871258650863256e-17 3.561595250209408e-16
1211.8671075654174 0.05338674907989116 2.2600680298635467e-16 3.877722466184059e-16
1211.9204945322776 0.053387184640314445 -6.650323430084778e-17 3.287765626821621e-16
1211.9738811527322 0.05338605626911885 -1.4940874580625733e-16 3.140984125582292e-16
1212.0272674267887 0.05338649184386668 -1.7143095469952513e-16 3.0721374420672165e-16
1212.0806533544537 0.053385363486086135 4.504288236692567e-16 3.976815683842458e-16
1212.1340389357338 0.053385799074021634 4.774769468673819e-16 4.0906807378088037e-16
1212.1874241706355 0.053384670729656136 1.0716567855335526e-16 3.7042031702224336e-16
1212.240809059166 0.05338510633100668 6.396725935813098e-16 4.1500534908836647e-16
1212.2941936013317 0.053383978000283605 2.496764582051781e-16 3.6084571884728944e-16
1212.3475777971394 0.053384413615503945 3.004359514826183e-16 3.788969219451559e-16
1212.400961646596 0.05338328529728642 4.70199768047116e-16 4.165107419925423e-16
1212.454345149708 0.053383720927058675 4.709006928371293e-16 3.9482919181893614e-16
1212.5077283064825 0.053382592621574076 4.83742532506928e-16 3.9602818352864453e-16
1212.561111116926 0.05338302826567087 -8.312287087457334e-17 3.2959724442868285e-16
1212.6144935810448 0.053381899972009705 -1.5773198377563612e-16 3.2483492713562795e-16
1212.6678756988467 0.05338233563156791 1.8896127529595476e-16 3.5890119265883335e-16
1212.7212574703376 0.05338120735063967 2.343143700795921e-16 3.5354014057969473e-16
1212.7746388955243 0.053381643022476055 5.189436358311308e-16 4.0264687323799187e-16
1212.828019974414 0.05338051475700922 6.031615409651387e-16 4.1308942425744743e-16
1212.8814007070132 0.05338095044112379 6.597288324743243e-16 4.190052821665207e-16
1212.9347810933282 0.053379822189299375 -5.96322344420096e-17 3.175249920181171e-16
1212.9881611333667 0.05338025788751111 1.429778005416294e-16 3.533395758453172e-16
1213.0415408271347 0.05337912964841962 -1.331687641019939e-16 3.019528853378573e-16
1213.094920174639 0.05337956536027377 3.2744967525475206e-16 4.0442731080389057e-16
1213.1482991758865 0.053378437134597334 4.2905492930036024e-17 3.6030437023661356e-16
1213.2016778308835 0.05337887285963916 1.8758449878069156e-16 3.672354737725234e-16
1213.2550561396376 0.053377744648514636 5.614540820576249e-16 4.0161573886816405e-16
1213.3084341021552 0.05337818038651676 1.195217029721775e-16 3.511728608069991e-16
1213.3618117184424 0.05337705218812516 8.815954860900464e-16 4.412517712960042e-16
1213.4151889885065 0.05337748793999708 5.892089665681314e-16 4.065633987987233e-16
1213.4685659123547 0.0533763597561574 4.416485805809085e-16 3.7677488572848234e-16
1213.5219424899929 0.053376795520307496 1.813153401174082e-16 3.4979528997851413e-16
1213.5753187214282 0.05337566735056498 4.289023554577298e-16 3.6575918665833886e-16
1213.6286946066675 0.05337610312767538 5.555321877498279e-16 3.9135953187770185e-16
1213.682070145717 0.053374974971575284 3.3345826809199925e-16 3.648041774627056e-16
1213.7354453385838 0.05337541076210073 3.783359798610608e-16 3.711044859004886e-16
1213.7888201852747 0.053374282619643054 2.7273465194619035e-17 3.263527099358676e-16
1213.8421946857964 0.053374718423583545 6.549522522516069e-16 4.0069424424902417e-16
1213.8955688401554 0.05337359029454092 4.852956062675981e-16 3.73822133588856e-16
1213.9489426483588 0.05337402611212383 7.068413041536054e-16 4.1104151725444115e-16
1214.0023161104127 0.0533728979960415 1.7649264430518602e-15 5.296060686887473e-16
1214.0556892263248 0.05337333382772158 9.632262748022838e-16 4.3848461386802546e-16
1214.109061996101 0.05337220572459955 1.137732229003583e-15 4.494673031043554e-16
1214.1624344197485 0.0533726415703768 1.436349598817477e-15 4.813952882546368e-16
1214.2158064972737 0.05337151348021507 8.979491274303989e-16 4.372829394069742e-16
1214.2691782286838 0.05337194933986211 7.048707287742137e-16 3.9963289802472963e-16
1214.3225496139848 0.05337082126243331 8.513625787368787e-16 4.334237672999417e-16
1214.3759206531843 0.05337125713640489 1.1786985567472004e-15 4.673316383374645e-16
1214.4292913462882 0.05337012907148164 1.516416878782872e-15 4.88756253843494e-16
1214.4826616933042 0.05337056496045989 1.7960796307794386e-15 5.118136879741241e-16
1214.5360316942383 0.05336943690758744 9.732494076292883e-16 4.2811277654269305e-16
1214.589401349097 0.05336987281020811 1.9669822504964766e-15 5.834892839640765e-16
1214.642770657888 0.053368744771205456 2.7512476990966583e-15 6.428350376292244e-16
1214.696139620617 0.05336918068746854 2.3591817835193064e-15 5.716144308362022e-16
1214.7495082372916 0.05336805266142619 3.2193803936195626e-15 6.241090130017062e-16
1214.8028765079175 0.053368488590649577 4.210988959383599e-15 6.686259756649216e-16
1214.8562444325028 0.05336736057961389 5.110667246390111e-15 7.497305782784355e-16
1214.9096120110532 0.053367796521342825 6.465388580020271e-15 8.457724854863692e-16
1214.9629792435758 0.05336666852349481 9.954361660342604e-15 1.0133254690845065e-15
1215.0163461300772 0.05336710447954829 1.2686068485278775e-14 1.1373385609889497e-15
