src/LyA_code/Observation_new_v2/data/gj436_g140m_oot_coadd.spec
# %ECSV 0.9
# ---
# datatype:
# - {name: w, unit: Angstrom, datatype: float64}
# - {name: dw, unit: Angstrom, datatype: float64}
# - {name: y, unit: erg / (Angstrom cm2 s), datatype: float64}
# - {name: err, unit: erg / (Angstrom cm2 s), datatype: float64}
# meta: !!omap
# - ynames: [f, flux]
# - meta: {aperture: 52X0.05}
# - references: []
# schema: astropy-2.0
w dw y err
[from data line 572]
1225.2563853103015 0.053300793515290934 -2.5796523371479974e-17 1.4979653628751312e-16
1225.3096855404638 0.053299666808925394 -9.958308714082282e-17 1.3674616458588683e-16
1225.3629854259063 0.05330010407624286 1.9884993964083097e-16 2.1122226870391723e-16
1225.4162849666357 0.05329897738238287 1.19319558632212e-16 1.935907675313705e-16
1225.4695841626594 0.05329941466516175 -7.5106643989435e-17 1.4362994939765188e-16
1225.5228830139838 0.05329828798357994 7.516947139119392e-17 1.732267525917713e-16
1225.5761815206151 0.05329872527909174 -1.7815913990745045e-16 1.0058909718713081e-16
1225.62947968256 0.05329759861092498 -7.436308312834585e-18 1.5087308797241471e-16
1225.6827774998262 0.05329803592121607 -4.736357521734956e-17 1.4648586241817047e-16
1225.7360749724194 0.05329690926510011 -7.858201919192224e-17 1.3424816365300585e-16
1225.7893721003466 0.05329734658948837 -8.713952522455893e-17 1.3076943964476872e-16
1225.8426688836148 0.05329621994678746 -1.4150231381398866e-16 1.122159126366542e-16
1225.89596532223 0.053296657283453897 1.0542834824860501e-16 1.8116502719125693e-16
1225.949261416199 0.05329553065507753 -5.491261836122976e-17 1.4560764012684824e-16
1226.0025571655297 0.05329596800561376 2.4040712381710757e-17 1.551995674825537e-16
1226.055852570227 0.053294841389288194 6.543698174133398e-16 2.8471781685190296e-16
1226.109147630299 0.053295278754603714 7.88506860229564e-16 3.049657458076809e-16
1226.1624423457515 0.053294152150328955 -1.6725606091282565e-17 1.491620240522533e-16
1226.2157367165914 0.053294589529969016 3.027849794630125e-16 2.231645226402448e-16
1226.2690307428256 0.05329346293842718 1.2259212101157246e-16 1.8285512029384982e-16
1226.3223244244607 0.05329390033148229 -1.0871685601137602e-17 1.4359299177871249e-16
1226.3756177615032 0.05329277375358288 -8.026049038872745e-17 1.2683038924221843e-16
1226.4289107539598 0.05329321115982566 -7.65410264393113e-17 1.3093361782688848e-16
1226.4822034018375 0.05329208459556867 -9.760514025104224e-17 1.1764246899138207e-16
1226.5354957051427 0.05329252201477175 -1.6616723024779706e-16 9.58406845721664e-17
1226.5887876638824 0.05329139546438455 -1.3244395212589967e-16 9.99297115345541e-17
1226.6420792780632 0.05329183289723005 -2.0953201974254618e-17 1.3976901626347114e-16
1226.6953705476913 0.05329070635912103 1.2987814789026723e-16 1.7628966605710972e-16
1226.748661472774 0.0532911438060637 -1.218570194461643e-16 9.880276192415922e-17
1226.8019520533173 0.05329001728068761 5.616529034130875e-16 2.6081466423192596e-16
1226.8552422893285 0.05329045474195482 2.4307963480330136e-18 1.4886364102738981e-16
1226.9085321808143 0.053289328229084276 -4.306170558207058e-17 1.283525930791259e-16
1226.9618217277807 0.05328976570422128 2.3145459094284123e-16 1.9576177749398252e-16
1227.015110930235 0.053288639204083665 -5.693319002935063e-17 1.0957715436253075e-16
1227.0683997881838 0.053289076693772586 7.477848149055163e-17 1.6067930782655213e-16
1227.121688301634 0.053287950206367896 1.4673593652697605e-16 1.5890661206119829e-16
1227.1749764705917 0.053288387709017115 -3.562057401310865e-17 1.2285475739735645e-16
1227.228264295064 0.05328726123548222 -5.715305373529018e-17 1.2056102361149377e-16
1227.2815517750569 0.05328769875063699 3.725204266346218e-17 1.4618193382254307e-16
1227.3348389105786 0.05328657229233613 2.0279110947887316e-17 1.4317287048247748e-16
1227.388125701634 0.053287009818632214 2.606109684831203e-16 2.0385279378840465e-16
1227.4414121482305 0.053285883374655896 1.6696486050611732e-16 1.8259644373790033e-16
1227.4946982503754 0.053286320915049146 1.1428237696455422e-16 1.571598166838166e-16
1227.547984008075 0.05328519448403313 9.532260823722306e-17 1.5413955259753112e-16
1227.6012694213355 0.05328563203693193 1.0246178383614143e-16 1.563961175916136e-16
1227.6545544901633 0.05328450561887621 -2.5921819717293443e-17 1.2593109824409367e-16
1227.7078392145665 0.053284943187463796 -9.927883655650147e-17 9.247932793012705e-17
1227.7611235945508 0.053283816781004134 -4.7107240862939487e-17 1.0248616768044824e-16
1227.814407630123 0.053284254363461514 -1.0952528276575987e-16 8.622014014139311e-17
1227.8676913212896 0.05328312796973478 -1.2273927968184413e-17 1.2000076211685747e-16
1227.9209746680576 0.053283565566289326 3.717811111316833e-17 1.3156764095457925e-16
1227.9742576704336 0.05328243918575026 2.0391647565422262e-16 1.7806029236142e-16
1228.0275403284245 0.053282876796174605 2.5113245289876613e-16 1.8021764777277896e-16
1228.0808226420368 0.05328175042791372 4.487653163730059e-16 2.2101468642627825e-16
1228.1341046112764 0.053282188051525736 2.768272451902092e-16 1.9353170790957382e-16
1228.1873862361513 0.05328106169804414 2.377728636498028e-16 1.8294286472901925e-16
1228.2406675166676 0.053281499334616456 -3.94900952933169e-18 1.1934125546668684e-16
1228.2939484528315 0.05328037299341304 2.105291142131016e-16 1.7454713132590976e-16
1228.3472290446505 0.05328081064453727 -9.252531501648534e-18 1.1732112649038758e-16
1228.4005092921307 0.05327968431561203 -9.499346051344968e-17 7.179980966373875e-17
1228.4537891952791 0.053280121981288175 3.398185896164015e-17 1.2580350144794249e-16
1228.5070687541017 0.05327899566418637 8.84196301216948e-17 1.317068048462914e-16
1228.5603479686065 0.05327943334532392 -4.225392468609114e-17 9.941602516944865e-17
1228.613626838799 0.0532783070395908 -8.1623648753356e-17 8.184131357742387e-17
1228.6669053646865 0.053278744735507644 -3.242938107458485e-17 1.0013523992526518e-16
1228.7201835462752 0.053277618441825325 1.871318655504009e-16 1.6478699556400038e-16
1228.773461383572 0.05327805615206671 8.492748192100921e-17 1.3312687827037346e-16
1228.8267388765835 0.05327692987066257 2.3118078422568574e-16 1.7081157228672928e-16
1228.8800160253172 0.05327736759659274 1.6389119814260712e-16 1.637262711104635e-16
1228.933292829778 0.053276241325420415 9.512608501373677e-17 1.3121352930831036e-16
1228.9865692899743 0.05327667906726674 5.118714923993717e-16 2.349465989775003e-16
1229.0398454059118 0.053275552807690474 2.4741270513206855e-16 1.7390020952495212e-16
1229.0931211775976 0.05327599056363397 3.669513126445933e-18 9.903083037952839e-17
1229.1463966050383 0.053274864317927495 1.3822639302726266e-17 1.0822514118806669e-16
1229.1996716882404 0.05327530208614917 7.271522787763871e-17 1.3057375379249363e-16
1229.2529464272106 0.05327417585431249 7.413359217736909e-17 1.3088500579766807e-16
1229.306220821956 0.053274613636403956 4.688351280590074e-17 1.1333444679941213e-16
1229.3594948724824 0.05327348741639071 -3.799882438239519e-18 9.119601345741208e-17
1229.4127685787976 0.05327392521371621 1.7836608490272644e-16 1.4931604238584012e-16
1229.4660419409072 0.05327279900575377 1.0083044459184459e-16 1.2948847135464786e-16
1229.5193149588185 0.053273236816949066 2.1436993795379969e-16 1.6092727679139044e-16
1229.572587632538 0.05327211062194692 1.1210280871549034e-16 1.3329579029297149e-16
1229.6258599620724 0.053272548446557266 7.542639845910696e-17 1.1718647859159526e-16
1229.6791319474285 0.053271422265879664 1.1021323408633717e-16 1.2478339658518506e-16
1229.7324035886127 0.05327186010254081 6.079804443197933e-17 1.0559664329725117e-16
1229.7856748856316 0.05327073393550563 6.1419008036699e-17 1.1334675395265994e-16
1229.8389458384927 0.05327117178626395 3.4196079535233714e-17 1.0496666601419678e-16
1229.8922164472012 0.0532700456310522 3.35171267093279e-17 9.865458274989532e-17
1229.945486711765 0.05327048349636243 5.995697237102174e-17 1.0927103764581347e-16
1229.9987566321902 0.053269357354338354 8.24410455655739e-17 1.2110062867716834e-16
1230.0520262084842 0.053269795233291006 3.997178275483832e-17 9.406731730624445e-17
1230.1052954406525 0.05326866910354511 -7.267634418506741e-17 8.16941219963812e-17
1230.1585643287026 0.05326910699659493 -8.724620487990067e-17 6.930336950732599e-17
1230.211832872641 0.0532679808800367 4.632948686833792e-17 1.0743225355270511e-16
1230.2651010724744 0.053268418786728944 3.872698191976131e-17 1.0090709495270249e-16
1230.3183689282096 0.05326729268381314 1.524537965095325e-17 8.913327017512874e-17
1230.3716364398526 0.05326773060232881 1.5762336692620109e-16 1.3527111463385726e-16
1230.4249036074107 0.053266604513510174 1.9312904886885054e-16 1.4432644606521534e-16
1230.4781704308903 0.05326704244566827 8.200679378056134e-17 1.0808231406712369e-16
1230.531436910298 0.0532659163700373 2.2527406987273964e-17 8.628373001436485e-17
1230.584703045641 0.053266354315837816 5.538589736872906e-17 8.888363183832025e-17
1230.6379688369257 0.053265228253394525 -1.0450461098428813e-17 5.797291784159028e-17
1230.6912342841583 0.05326566621215534 1.0348577000184255e-16 1.0571029168683828e-16
1230.7444993873457 0.05326454016267235 1.185369497296552e-16 1.1789216629926016e-16
1230.7977641464954 0.053264978136667196 6.76329084809287e-17 1.0257710572881435e-16
1230.851028561613 0.053263852098325515 2.536481549229521e-18 6.067164961311152e-17
1230.9042926327052 0.05326429008641753 5.87289248198767e-17 9.066434891775057e-17
1230.9575563597791 0.053263164061263524 1.2946657311065714e-16 1.1729818306890194e-16
1231.0108197428417 0.05326360206368008 1.9049514034294572e-16 1.2648289054147677e-16
1231.0640827818993 0.053262476051486374 1.7310054729866053e-16 1.28289643396176e-16
1231.1173454769578 0.05326291406595374 2.34802365216576e-16 1.5255853339525228e-16
1231.1706078280251 0.05326178806853932 9.015173111793321e-17 1.0225077576382647e-16
1231.223869835107 0.05326222609528486 1.8772044291453027e-16 1.3792324147778947e-16
1231.2771314982106 0.05326110011196761 2.155198569057073e-17 7.46118087655537e-17
1231.3303928173427 0.05326153815190082 2.8880870200475445e-16 1.579963362377491e-16
1231.3836537925092 0.0532604121813165 3.370169640346669e-16 1.6334581679442128e-16
1231.4369144237176 0.05326085023557425 2.484826066630099e-16 1.4153281439864898e-16
1231.4901747109748 0.053259724278404974 7.138865150318405e-17 9.469947083049596e-17
1231.543434654286 0.05326016234425879 1.2472570454908771e-16 1.168590788201954e-16
1231.596694253659 0.0532590364018688 -1.0235303908991539e-17 3.8396341994210495e-17
1231.6499535091004 0.053259474480910285 2.3330449260748796e-16 1.4054102228806051e-16
1231.7032124206166 0.05325834855125322 1.4646461871994944e-15 3.493201114931256e-16
1231.7564709882145 0.053258786644391876 9.5721332174996e-16 2.817082439614757e-16
1231.8097292119005 0.053257660727922485 1.5841666748640485e-16 1.1758199190724214e-16
1231.8629870916814 0.053258098833794065 3.014253783762657e-16 1.610924343645316e-16
1231.916244627564 0.05325697293142184 1.2935935230634334e-16 1.051539535362796e-16
1231.9695018195544 0.0532574110495716 -5.943139943947356e-17 6.826906503838493e-17
1232.0227586676601 0.05325628516175129 -4.2056496494820903e-16 1.137997294598092e-16
1232.076015171887 0.05325672329217923 -2.331795237327963e-16 8.529087950620155e-17
1232.1292713322423 0.053255597418001344 -1.7566169987654324e-16 5.753841921133819e-17
1232.1825271487323 0.05325603556252645 1.7290026357916057e-16 1.2576991268785326e-16
1232.2357826213643 0.05325490970108149 2.3333482135774574e-16 1.4274471089167097e-16
1232.289037750144 0.05325534785833952 3.8021662421956994e-17 6.47473914842119e-17
1232.3422925350787 0.053254222010991725 4.85248229855805e-17 6.602897545555493e-17
1232.3955469761747 0.053254660181210056 8.685991946675203e-17 7.676068933257273e-17
1232.448801073439 0.05325353434727731 2.5766730595829634e-16 1.3667732592925975e-16
1232.502054826878 0.05325397253091069 2.9494270759045826e-16 1.5099622588655201e-16
1232.5553082364986 0.05325284671039299 3.0128895968293627e-17 5.123423140330628e-17
1232.6085613023079 0.053253284907668785 4.8068675416534454e-17 6.126928407822748e-17
1232.6618140243108 0.05325215909874714 2.4287636655640627e-16 1.3996863786146103e-16
1232.715066402516 0.05325259731125698 1.4125181348092013e-16 1.0362326799294561e-16
1232.7683184369291 0.05325147151506826 2.710418503232089e-16 1.3783508092937918e-16
1232.8215701275567 0.05325190974031102 1.9349779068612697e-16 1.2065987669205889e-16
1232.8748214744062 0.053250783958446846 1.6776091235281445e-16 1.1619734235714967e-16
1232.9280724774835 0.05325122219642253 1.6465330444367527e-16 1.0583857972049464e-16
1232.9813231367957 0.053250096427518656 1.1591704825800247e-16 9.117771915044732e-17
1233.0345734523492 0.05325053467959151 9.277773667534249e-17 7.058588529263837e-17
1233.0878234241509 0.05324940892387531 9.921161424356354e-17 7.532899406273358e-17
1233.141073052207 0.05324984718822634 1.2452197884011998e-16 9.202034397216124e-17
1233.1943223365247 0.05324872144728943 1.7373403787842688e-16 1.0982847767921292e-16
1233.2475712771102 0.05324915972391864 4.151568784913597e-16 1.717052455287538e-16
1233.3008198739708 0.05324803399685152 4.3356240822819587e-16 1.7689800804331554e-16
1233.3540681271124 0.05324847228644103 1.7178726087413105e-16 1.0745978097269202e-16
1233.407316036542 0.053247346572788956 1.0759510581926913e-16 8.449326742481095e-17
1233.4605636022666 0.05324778487624826 2.6551298264983157e-17 1.0794257999301237e-17
1233.5138108242922 0.05324665917510174 1.9264073516266435e-16 1.1268518624497744e-16
1233.5670577026258 0.05324709749197609 3.385262690760471e-16 1.4980197678298064e-16
1233.620304237274 0.053245971804699366 1.0959901341659389e-16 7.059537875201371e-17
1233.6735504282435 0.05324641013430664 1.5982974980158782e-16 9.053894968763463e-17
1233.726796275541 0.05324528446067234 1.6556840197770852e-16 9.475978346291619e-17
1233.7800417791727 0.05324572280301254 1.9302934540558088e-16 1.1019703936273988e-16
1233.833286939146 0.05324459714324803 8.853342051596534e-17 5.345167564377876e-17
1233.8865317554673 0.05324503549945803 1.874513108218221e-16 1.0571940279388514e-16
1233.9397762281428 0.05324390985174432 3.4486874697825248e-16 1.494621217228403e-16
1233.9930203571803 0.053244348222733606 1.272024824965236e-16 8.376168016288177e-17
1234.0462641425847 0.05324322258616121 1.8043159597186376e-16 1.0082520915252898e-16
1234.099507584364 0.05324366097238453 1.4379708388041596e-16 8.166659276015494e-17
1234.1527506825241 0.053242535348090314 2.81492428442313e-16 1.3490904673673155e-16
1234.2059934370727 0.05324297374886555 2.5357297009313603e-16 1.2783445996776999e-16
1234.2592358480151 0.053241848136394765 2.8811345111354894e-16 1.3447499161627094e-16
1234.312477915359 0.0532422865510398 1.3939507717771059e-16 7.682010094283035e-17
1234.3657196391105 0.05324116095221143 1.1079083877938224e-16 5.772698269908795e-17
1234.4189610192766 0.05324159937981676 1.99421007937943e-16 1.0013003097833807e-16
1234.4722020558638 0.05324047379440344 8.209401233544799e-17 4.670737690407339e-17
1234.525442748878 0.053240912234514326 1.4235006024122713e-16 8.266142635384698e-17
1234.5786830983275 0.05323978666410767 9.833237505644923e-17 5.778705741736776e-17
1234.6319231042175 0.053240225116041984 1.6976402216734765e-16 9.012598698587349e-17
1234.6851627665555 0.053239099559732495 9.538318883243745e-17 4.404638070362106e-17
1234.7384020853478 0.05323953802485448 1.2675711444514607e-16 6.811639270094562e-17
1234.7916410606008 0.05323841248127792 1.4704470430104987e-16 7.563541506884528e-17
1234.8448796923217 0.0532388509602697 2.302407308361168e-16 1.1369850846047153e-16
1234.8981179805169 0.053237725430108185 1.1899338014596174e-16 6.666878714910232e-17
1234.9513559251927 0.053238163922060266 1.3645476065314075e-16 7.469348337761419e-17
1235.0045935263565 0.05323703840508642 1.0021163754168565e-16 5.317477168682238e-17
1235.057830784014 0.053237476909998804 2.686780107033234e-16 1.2510347947528909e-16
1235.1110676981727 0.053236351407576876 1.7287219285875812e-16 8.502553975214764e-17
1235.164304268839 0.05323678992499481 2.8112095268019496e-16 1.2954062624494835e-16
1235.217540496019 0.053235664435078434 1.9615051359341742e-16 8.82992003583345e-17
1235.2707763797205 0.0532361029677304 2.35548756500221e-16 1.1269074926398745e-16
