src/LyA_code/Observation_new_v2/data/gj436_g140m_oot_coadd.spec
# %ECSV 0.9
# ---
# datatype:
# - {name: w, unit: Angstrom, datatype: float64}
# - {name: dw, unit: Angstrom, datatype: float64}
# - {name: y, unit: erg / (Angstrom cm2 s), datatype: float64}
# - {name: err, unit: erg / (Angstrom cm2 s), datatype: float64}
# meta: !!omap
# - ynames: [f, flux]
# - meta: {aperture: 52X0.05}
# - references: []
# schema: astropy-2.0
w dw y err
[from data line 762]
1235.3772471167122 0.05323541603593185 1.506837281389152e-16 7.59152929883883e-17
1235.4304819700155 0.0532342905707992 2.561407395141141e-16 1.113823135829165e-16
1235.4837164798664 0.053234729130736014 2.3709819836609027e-16 1.0252547259317283e-16
1235.5369506462714 0.05323360367947316 2.235738304734788e-16 1.0207182162061878e-16
1235.590184469237 0.053234042251915525 1.7131412742631577e-16 8.12407873412109e-17
1235.6434179487703 0.05323291681452247 1.3468777293731062e-16 6.174818208693417e-17
1235.6966510848774 0.05323335539992513 2.2743752048861217e-16 9.553951410851344e-17
1235.749883877565 0.053232229975265 1.8315011929397544e-16 7.948012470933754e-17
1235.8031163268402 0.05323266857476483 2.1085771598025804e-16 8.821037973888947e-17
1235.8563484327092 0.05323154316329237 1.4169136778807954e-16 6.121749290556662e-17
1235.9095801951787 0.0532319817757525 1.8620764885172975e-16 8.890490547978376e-17
1235.9628116142553 0.05323085637769509 1.804033764487715e-16 8.097237578487128e-17
1236.016042689946 0.05323129500379764 1.0675592568831472e-16 5.296167602837851e-17
1236.069273422257 0.05323016961801841 9.038688903270478e-17 5.625698933549169e-17
1236.1225038111959 0.05323060825958237 1.6639368321307066e-16 9.563223664712277e-17
1236.1757338567677 0.053229482884262325 1.0662853050092049e-16 4.1506889852096944e-17
1236.2289635589807 0.05322992154151507 9.663594372937964e-17 2.418943272235262e-17
1236.2821929178401 0.053228796177336335 2.5674067045676514e-16 1.0782736534827341e-16
1236.3354219333537 0.05322923485005049 2.7072844409591684e-16 1.1154954893980771e-16
1236.3886506055273 0.05322810949724044 2.4750343052946554e-16 1.0613717377755e-16
1236.4418789343686 0.053228548184961255 1.5407048669666053e-16 7.107938091087129e-17
1236.4951069198833 0.05322742284420201 9.937341507765403e-17 2.3729091800678092e-17
1236.5483345620783 0.05322786154579262 1.4206930633997877e-16 5.429161920904768e-17
1236.6015618609597 0.053226736217311554 2.553777393566612e-16 1.1196772313642585e-16
1236.654788816535 0.05322717493345408 1.3462351702463103e-16 5.397119321118822e-17
1236.7080154288114 0.05322604961907018 1.6469145927815266e-16 7.304043734329448e-17
1236.7612416977936 0.05322648834544452 1.670013153555088e-16 7.110350314931763e-17
1236.8144676234897 0.05322536304674941 3.2548916731608807e-16 1.2341285094301083e-16
1236.867693205906 0.053225801785856675 2.2909832174651366e-16 9.347411770953901e-17
1236.9209184450492 0.05322467650034923 2.583861687866306e-16 1.0185564515082866e-16
1236.974143340926 0.05322511525355367 2.6787912314219755e-16 1.0964508025842445e-16
1237.0273678935423 0.053223989979187536 3.0521673151024936e-16 1.2569022719471631e-16
1237.080592102906 0.053224428748080754 1.6220578187221862e-16 6.852231909377062e-17
1237.1338159690229 0.053223303485538054 1.36878079454076e-16 4.716914063438879e-17
1237.1870394918997 0.05322374226807369 2.5082429944042444e-16 1.0977712920901457e-16
1237.240262671543 0.053222617018718665 1.6832699610584197e-16 8.666776798004324e-17
1237.29348550796 0.0532230558151241 9.839475920824172e-17 4.844252274306883e-17
1237.346708001157 0.05322193057872937 1.709611392513608e-16 6.783330261045842e-17
1237.3999301511403 0.05322236938786773 1.8862930860135136e-16 8.123739033820268e-17
1237.4531519579166 0.05322124416488805 3.2259691385285994e-16 1.2543316433948178e-16
1237.5063734214932 0.053221682988123575 2.145047303004615e-16 8.602515198514027e-17
1237.5595945418763 0.053220557778104194 3.695223353521432e-16 1.4102623308300315e-16
1237.612815319072 0.05322099661384527 3.1250264298580043e-16 1.204835650026778e-16
1237.6660357530882 0.05321987141792306 3.383865347424723e-16 1.3282330336507444e-16
1237.7192558439303 0.05322031026662444 2.145978109059475e-16 8.724415327582543e-17
1237.7724755916056 0.05321918508411727 3.743270744194227e-16 1.464496165770493e-16
1237.8256949961208 0.05321962394600632 2.0588525579110311e-16 8.245606750051566e-17
1237.8789140574822 0.05321849877668683 2.0788974058389343e-16 7.235183621581668e-17
1237.9321327756966 0.0532189376522183 1.198999087895001e-16 3.601258704816493e-17
1237.9853511507706 0.05321781249585911 1.0247125306639757e-16 7.364031606020774e-18
1238.0385691827107 0.05321825138435088 3.1930335869971576e-16 1.281150083071577e-16
1238.091786871524 0.05321712624208885 2.4156316100575707e-16 1.0087487305984239e-16
1238.1450042172164 0.05321756514263143 1.8841762431181544e-16 7.436054709409154e-17
1238.1982212197952 0.05321644001514869 2.2472495494197e-16 9.28145156872815e-17
1238.2514378792666 0.053216878927969447 2.1171794913533655e-16 8.558599617084345e-17
1238.3046541956378 0.0532157538143565 1.7971518482764404e-16 6.846186501416075e-17
1238.357870168915 0.053216192739910184 2.7160918858551204e-16 9.748208903184908e-17
1238.411085799105 0.05321506763971229 3.54255123056311e-16 1.32595706351842e-16
1238.4643010862137 0.05321550657822627 2.0428199559820343e-16 7.945103242348306e-17
1238.517516030249 0.05321438149212554 3.099996411280169e-16 1.1291368011146846e-16
1238.5707306312165 0.05321482044314507 2.8433473040045786e-16 1.0587850695998474e-16
1238.6239448891233 0.05321369537045939 2.3703083499096545e-16 8.645372559350857e-17
1238.6771588039765 0.05321413433557609 6.531661530041922e-16 1.8592593512127761e-16
1238.7303723757818 0.05321300927516859 1.3945368659848042e-15 2.918660518727738e-16
1238.7835856045463 0.05321344825392771 2.377565959382454e-15 3.832357735801359e-16
1238.8367984902764 0.05321232320602576 2.188766770557027e-15 3.7891235473041793e-16
1238.8900110329794 0.053212762200018915 1.5925389580489328e-15 3.185372456929079e-16
1238.943223232661 0.053211637163258274 6.896057469626954e-16 1.7947907559470264e-16
1238.9964350893283 0.05321207617157597 5.603232990556505e-16 1.7845238041159132e-16
1239.049646602988 0.053210951148003005 3.599640369559053e-16 1.316867059461793e-16
1239.102857773647 0.05321139016950838 3.343593701795305e-16 1.2246355664980407e-16
1239.1560686013113 0.05321026515912308 2.0060219669793728e-16 6.799258429731686e-17
1239.2092790859876 0.053210704193588754 4.011790264422328e-16 1.4381808516988175e-16
1239.262489227683 0.05320957919707325 4.3989495248931047e-16 1.556398362251745e-16
1239.3156990264038 0.0532100182447266 2.8713766061066353e-16 1.1616494587265915e-16
1239.3689084821567 0.0532088932611714 2.261735687418653e-16 8.999628943997101e-17
1239.4221175949485 0.05320933232223979 3.6769661912754524e-16 1.333835361735477e-16
1239.4753263647856 0.05320820735187226 3.2693424472908475e-16 1.340483077612631e-16
1239.5285347916745 0.05320864642590095 2.1342614410824255e-16 1.0275357824342975e-16
1239.5817428756222 0.05320752146940322 1.6014441987901767e-16 6.550888620042735e-17
1239.6349506166353 0.05320796055707433 1.426452832423732e-16 4.350683298471743e-17
1239.68815801472 0.053206835612172654 3.46687620250173e-16 1.2411462204517772e-16
1239.7413650698834 0.053207274714623054 1.8991629168722612e-16 7.821878051440727e-17
1239.794571782132 0.053206149782454304 1.7084405160480322e-16 6.40783517678877e-17
1239.8477781514725 0.053206588898547125 1.369464229611124e-16 4.9429614220661347e-17
1239.900984177911 0.05320546397842918 1.0093201163646625e-16 3.743013764867545e-20
1239.954189861455 0.053205903109756036 1.0171556898794377e-16 3.655188372239022e-20
1240.0073952021103 0.053204778201006775 9.967064412937277e-17 3.77527713766713e-20
1240.0606001998842 0.053205217346658173 1.7242410951887063e-16 7.153260228773686e-17
1240.113804854783 0.05320409245086921 2.739282015134455e-16 1.1460853310626933e-16
1240.1670091668134 0.05320453160970828 2.8435507477454483e-16 1.1479105809898671e-16
1240.2202131359818 0.05320340672756174 1.0681250322754092e-16 1.9276141662644962e-17
1240.2734167622953 0.053203845898906366 1.4583462870863541e-16 4.663545705075511e-17
1240.3266200457597 0.053202721030402245 2.1289575367539532e-16 8.135711977185005e-17
1240.3798229863828 0.05320316021561666 1.696257848272183e-16 7.287043503922803e-17
1240.4330255841705 0.05320203535984547 2.9789823814916285e-16 1.2253691008088337e-16
1240.4862278391292 0.05320247455779281 3.1056956103245496e-16 1.245300293137266e-16
1240.5394297512662 0.053201349716118784 1.7610229463482199e-16 7.273338430258179e-17
1240.5926313205878 0.05320178892657168 1.2383057534233563e-16 3.693447005414242e-17
1240.6458325471003 0.05320066409899482 1.6206560139950782e-16 5.681160628677376e-17
1240.6990334308107 0.05320110332149852 1.7066004039061635e-16 7.009442553981328e-17
1240.7522339717257 0.05319997850847358 2.4272304649852375e-16 9.344546536229684e-17
1240.8054341698517 0.053200417743710204 2.862527418989373e-16 1.125749180312544e-16
1240.8586340251954 0.05319929294387293 2.5861951865601643e-16 1.0493499852732707e-16
1240.9118335377639 0.053199732192979354 2.1861650846126727e-16 9.103045379020938e-17
1240.9650327075628 0.05319860740451077 3.4520983686866854e-18 7.181051934425079e-17
1241.0182315345994 0.053199046668851224 2.4028006076642873e-16 1.2649528758361242e-16
1241.0714300188804 0.05319792189311556 9.318917004840802e-17 6.365838162157351e-17
1241.1246281604122 0.05319836117064369 9.213510822454727e-17 2.817506206226884e-17
1241.1778259592015 0.053197236408095705 3.439723834701768e-16 1.3518659869724116e-16
1241.231023415255 0.053197675698584135 1.3281081027189246e-16 5.470980220704267e-17
1241.2842205285792 0.05319655094967857 1.5662970566516167e-16 7.081232533862313e-17
1241.3374172991803 0.05319699025267255 1.729428973842463e-16 7.638069733945956e-17
1241.390613727066 0.053195865518773644 2.6722386232368286e-16 1.0616456327264682e-16
1241.4438098122419 0.053196304832908936 2.388840665299202e-16 9.34389681804931e-17
1241.497005554715 0.05319518011333457 8.163671912819561e-17 3.791407527068329e-20
1241.550200954492 0.05319561944065754 8.343860905063493e-17 1.024595822582757e-17
1241.6033960115797 0.05319449473449822 1.7906678397351245e-16 7.941894146023244e-17
1241.6565907259842 0.053194934074781486 2.1442277273893503e-16 8.872704751627086e-17
1241.7097850977125 0.05319380938180984 8.012396751215124e-17 3.6390138376579975e-20
1241.7629791267714 0.0531942487359629 7.844100342079022e-17 3.686205552103717e-20
1241.8161728131668 0.05319312405504206 1.743613795616544e-16 8.286912171723976e-17
1241.869366156906 0.05319356342283754 2.606471990417668e-16 1.114135163354708e-16
1241.9225591579952 0.053192438756241245 2.8436389357968043e-16 1.1696885970697864e-16
1241.9757518164415 0.0531928781363149 2.61514378761919e-16 1.07444779408828e-16
1242.0289441322511 0.053191753482678905 1.455259771153428e-16 6.261609447057069e-17
1242.0821361054307 0.053192192876394984 5.681153848564829e-16 1.847136335423925e-16
1242.1353277359872 0.053191068236856154 3.3741782282031526e-16 1.3302960676012406e-16
1242.1885190239268 0.05319150764216829 1.974516228502817e-16 9.125720309590356e-17
1242.2417099692566 0.053190383017181375 1.5108705830806732e-16 7.741965058651659e-17
1242.2949005719827 0.05319082243522644 2.0756941493929594e-16 9.873084347464928e-17
1242.3480908321117 0.05318969782297245 2.5822729278908267e-16 1.0834295439937502e-16
1242.4012807496508 0.05319013725511468 2.7706469756764566e-16 1.1326036123780076e-16
1242.4544703246065 0.053189012656275736 1.3389902918168946e-16 6.358354246820797e-17
1242.507659556985 0.053189452100696144 4.943438104516243e-16 1.684870602303672e-16
1242.5608484467934 0.05318832751595437 1.9728382120294233e-16 9.374057468606625e-17
1242.6140369940376 0.05318876697288033 2.2570820911909416e-16 1.0867018317053556e-16
1242.6672251987252 0.05318764240178098 5.895513000431932e-16 1.8711292866849493e-16
1242.7204130608616 0.05318808187121249 5.113591233577172e-16 1.5855043532841867e-16
1242.7736005804547 0.0531869573151198 7.088547826078262e-16 1.9570980582215184e-16
1242.8267877575104 0.05318739679614737 9.06877218475869e-16 2.331438411545697e-16
1242.8799745920355 0.05318627225392447 5.671096638532088e-16 1.8363122110106788e-16
1242.9331610840363 0.05318671174768497 3.630348846255073e-16 1.315627513227176e-16
1242.98634723352 0.05318558721978661 2.515705471686707e-16 1.1454963020540617e-16
1243.0395330404926 0.05318602672537054 1.0172006588435191e-16 5.719709176624808e-17
1243.092718504961 0.053184902211796725 2.1571114507790842e-16 1.040654726159063e-16
1243.1459036269318 0.05318534172965883 1.709989967297179e-16 8.769987994422502e-17
1243.199088406412 0.053184217230864306 2.1238248952238185e-16 1.0398222558618047e-16
1243.2522728434078 0.053184656760777216 1.1293360134829225e-16 6.066895742476508e-17
1243.305456937926 0.05318353227562511 1.3562512606619066e-16 7.39921981962814e-17
1243.358640689973 0.053183971818043574 9.662012710937398e-17 5.584396345535222e-17
1243.4118240995554 0.05318284734653389 5.4258636044543746e-17 2.546571511237375e-17
1243.4650071666802 0.053183286903276894 6.8571297458558e-17 3.661169297653621e-17
1243.5181898913534 0.053182162443135894 7.184780660498561e-17 4.9287056474277274e-17
1243.571372273582 0.05318260201420344 1.3539774026299699e-16 8.136183591991955e-17
1243.6245543133728 0.05318147756702274 7.73300853212577e-17 4.3824279006610865e-17
1243.6777360107321 0.05318191715218745 1.1718465119648384e-16 6.89971028784024e-17
1243.7309173656663 0.05318079271614806 1.9874092193727e-16 1.0392876662131512e-16
1243.784098378183 0.053181232316774185 1.0745378542117176e-16 6.901561840375583e-17
1243.8372790482879 0.05318010789324035 1.293524813213348e-16 8.314027925322525e-17
1243.8904593759876 0.05318054750614465 3.8146160891012515e-17 2.3374493435219988e-17
1243.9436393612891 0.05317942309693535 4.9499751625453656e-17 3.3232917717714533e-17
1243.9968190041986 0.053179862722345206 6.953919581301059e-17 5.830247526429551e-17
1244.0499983047234 0.0531787383270057 1.2073814852844583e-16 7.932597588026264e-17
1244.1031772628694 0.053179177964693736 1.212767401171697e-16 7.280059741376705e-17
1244.1563558786438 0.053178053584360896 1.3843662928614222e-16 8.538543291831904e-17
1244.209534152053 0.05317849323387236 9.329419922999144e-17 6.89983876270664e-17
1244.2627120831032 0.05317736886672719 8.464047013824474e-17 6.983901480948179e-17
1244.3158896718012 0.053177808529198956 5.32792725467453e-17 4.8808157061730375e-17
1244.3690669181542 0.05317668417706045 4.706856570312071e-17 4.043929741565139e-17
1244.4222438221684 0.05317712385112827 1.155097384792248e-16 7.9500935410088e-17
1244.4754203838502 0.05317599951263219 7.141466586175053e-17 6.232988761271093e-17
1244.5285966032066 0.05317643919966031 2.626889160260438e-17 3.844781088340262e-17
1244.581772480244 0.05317531487526139 4.4163490992214245e-17 5.642478791363387e-17
1244.6349480149684 0.05317575457388557 2.0034504972943283e-17 3.798753018017512e-17
1244.6881232073877 0.05317463026449332 8.762288682109068e-17 8.034304396802534e-17
1244.741298057508 0.05317506997607779 3.901525550792307e-17 5.555482071499842e-17
1244.7944725653351 0.053173945678054224 5.979437674353833e-17 6.19860182815794e-17
1244.847646730877 0.05317438540555486 8.219256176566757e-17 6.921475894209886e-17
1244.900820554139 0.053173261119127346 -1.0246834153567112e-17 3.5765020073327466e-20
1244.9539940351283 0.053173700859360906 -1.204046691591624e-17 3.5632345769830373e-20
1245.0071671738515 0.05317257658703056 2.612258327059525e-17 5.187364881457447e-17
1245.0603399703157 0.053173016341133916 -1.4050855161007172e-17 1.4720476235890405e-17
1245.1135124245263 0.053171892080172256 1.2718039089911127e-16 1.0508054890373229e-16
1245.1666845364912 0.053172331849509646 5.968620729575758e-17 7.400079785147913e-17
1245.2198563062161 0.05317120760059879 1.0364386979706278e-16 8.605952953376157e-17
1245.2730277337082 0.05317164738335123 7.988355071979152e-17 7.363601807063817e-17
1245.3261988189736 0.05317052314740067 2.29210839147042e-18 3.659397572763971e-17
1245.3793695620193 0.05317096294425028 -1.1573584251202465e-17 2.96180481957938e-17
1245.432539962852 0.0531698387205779 6.42186167199131e-17 7.779032729050125e-17
