src/LyA_code/TOI_776_Obs_Package4/pubdata/lya_fit_g140m.ecsv
# %ECSV 1.0
# ---
# datatype:
# - {name: w, datatype: float64}
# - {name: y, datatype: float64}
# meta: !!omap
# - best fit parameters: [45.57031728354851, 78.79493148176205, 1.5988582335931167e-13, 760.914847018622, 7.388864277616206e-15, 1.00152028963031,
#     1.7163867189335131, -18.399925848115224, 17.127989793763337, 26.938500076858602, -4.877966481887974]
# schema: astropy-2.0
w y
[from data line 390]
1208.7702891226008 8.915086459744195e-18
1208.776963151531 9.00267924152396e-18
1208.783637175046 9.091046631774019e-18
1208.7903111931462 9.180194535350292e-18
1208.7969852058313 9.270128892476808e-18
1208.8036592131018 9.360855678860247e-18
1208.8103332149574 9.452380905830672e-18
1208.817007211398 9.544710620421731e-18
1208.823681202424 9.637850905516973e-18
1208.8303551880351 9.731807879962498e-18
1208.8370291682313 9.826587698654537e-18
1208.8437031430128 9.922196552702237e-18
1208.8503771123794 1.001864066948966e-17
1208.8570510763311 1.0115926312827229e-17
1208.8637250348684 1.021405978304696e-17
1208.870398987991 1.0313047417117936e-17
1208.8770729356984 1.0412895588746505e-17
1208.8837468779914 1.051361070851969e-17
1208.8904208148697 1.0615199223978871e-17
1208.897094746333 1.0717667619743228e-17
1208.9037686723823 1.0821022417625793e-17
1208.9104425930163 1.0925270176722519e-17
1208.917116508236 1.1030417493541771e-17
1208.9237904180409 1.113647100209548e-17
1208.9304643224311 1.1243437374004517e-17
1208.937138221407 1.1351323318614852e-17
1208.9438121149678 1.1460135583085926e-17
1208.9504860031145 1.1569880952505405e-17
1208.9571598858463 1.1680566249983285e-17
1208.9638337631636 1.1792198336761339e-17
1208.9705076350665 1.1904784112313783e-17
1208.977181501555 1.2018330514434614e-17
1208.9838553626287 1.2132844519348363e-17
1208.990529218288 1.224833314179991e-17
1208.9972030685326 1.2364803435159551e-17
1209.003876913363 1.2482262491523515e-17
1209.0105507527787 1.2600717441774695e-17
1209.0172245867802 1.2720175455732403e-17
1209.0238984153673 1.2840643742198327e-17
1209.03057223854 1.2962129549061169e-17
1209.0372460562978 1.3084640163410095e-17
1209.0439198686415 1.3208182911589313e-17
1209.0505936755708 1.3332765159322834e-17
1209.0572674770858 1.3458394311766659e-17
1209.0639412731864 1.3585077813622521e-17
1209.0706150638725 1.3712823149219759e-17
1209.0772888491445 1.3841637842585894e-17
1209.083962629002 1.397152945753482e-17
1209.0906364034452 1.4102505597778033e-17
1209.0973101724742 1.423457390695849e-17
1209.103983936089 1.4367742068764228e-17
1209.1106576942893 1.4502017806997845e-17
1209.1173314470755 1.463740888565455e-17
1209.1240051944474 1.4773923108989002e-17
1209.130678936405 1.4911568321630504e-17
1209.1373526729485 1.505035240857738e-17
1209.1440264040777 1.5190283295370433e-17
1209.1507001297928 1.533136894809445e-17
1209.1573738500938 1.5473617373453104e-17
1209.1640475649806 1.5617036618879583e-17
1209.1707212744532 1.5761634772557853e-17
1209.1773949785115 1.5907419963525782e-17
1209.1840686771557 1.6054400361719617e-17
1209.190742370386 1.620258417803758e-17
1209.1974160582022 1.63519796644186e-17
1209.2040897406043 1.6502595113876335e-17
1209.210763417592 1.6654438860591556e-17
1209.217437089166 1.680751927994325e-17
1209.224110755326 1.696184478859328e-17
1209.2307844160716 1.7117423844496742e-17
1209.2374580714034 1.7274264947006652e-17
1209.2441317213213 1.7432376636892663e-17
1209.250805365825 1.7591767496414768e-17
1209.2574790049148 1.7752446149349822e-17
1209.2641526385905 1.791442126106264e-17
1209.2708262668523 1.8077701538517002e-17
1209.2774998897005 1.824229573038598e-17
1209.2841735071345 1.8408212627005285e-17
1209.2908471191545 1.8575461060499256e-17
1209.2975207257607 1.8744049904760097e-17
1209.304194326953 1.8913988075529237e-17
1209.3108679227314 1.9085284530409356e-17
1209.317541513096 1.9257948268905717e-17
1209.3242150980468 1.9431988332446794e-17
1209.3308886775835 1.9607413804447426e-17
1209.3375622517067 1.978423381031377e-17
1209.3442358204159 1.9962457517471146e-17
1209.3509093837113 2.0142094135403392e-17
1209.357582941593 2.0323152915684583e-17
1209.3642564940608 2.0505643151948747e-17
1209.3709300411151 2.068957417999715e-17
1209.3776035827552 2.0874955377731046e-17
1209.384277118982 2.1061796165242868e-17
1209.390950649795 2.125010600478475e-17
1209.397624175194 2.1439894400774693e-17
1209.4042976951796 2.163117089987095e-17
1209.4109712097516 2.1823945090905374e-17
1209.41764471891 2.2018226604940215e-17
1209.4243182226542 2.2214025115252973e-17
1209.430991720985 2.2411350337361987e-17
1209.4376652139024 2.2610212029014486e-17
1209.4443387014062 2.2810619990157164e-17
1209.451012183496 2.3012584062992413e-17
1209.4576856601727 2.3216114131945824e-17
1209.4643591314355 2.342122012363725e-17
1209.4710325972849 2.362791200691003e-17
1209.4777060577208 2.38361997928138e-17
1209.4843795127429 2.4046093534561435e-17
1209.491052962352 2.4257603327568386e-17
1209.497726406547 2.4470739309366686e-17
1209.5043998453289 2.468551165967965e-17
1209.5110732786968 2.490193060026782e-17
1209.5177467066517 2.5120006395071155e-17
1209.524420129193 2.533974935002568e-17
1209.531093546321 2.5561169813163344e-17
1209.5377669580353 2.5784278174478025e-17
1209.5444403643364 2.6009084865982326e-17
1209.551113765224 2.623560036161681e-17
1209.5577871606981 2.6463835177195856e-17
1209.5644605507591 2.6693799870469054e-17
1209.5711339354066 2.6925505040954613e-17
1209.5778073146407 2.715896132999684e-17
1209.5844806884616 2.7394179420652178e-17
1209.591154056869 2.7631170037666583e-17
1209.5978274198633 2.7869943947433046e-17
1209.6045007774442 2.8110511957930386e-17
1209.6111741296118 2.8352884918685024e-17
1209.617847476366 2.8597073720633286e-17
1209.624520817707 2.884308929619383e-17
1209.631194153635 2.9090942619107204e-17
1209.6378674841494 2.934064470437861e-17
1209.6445408092509 2.9592206608264453e-17
1209.651214128939 2.984563942811938e-17
1209.6578874432141 3.010095430242474e-17
1209.6645607520759 3.035816241060113e-17
1209.6712340555246 3.061727497302365e-17
1209.67790735356 3.08783032508939e-17
1209.6845806461822 3.1141258546166225e-17
1209.6912539333914 3.1406152201441574e-17
1209.6979272151875 3.1672995599936825e-17
1209.7046004915703 3.194180016530596e-17
1209.7112737625405 3.221257736166303e-17
1209.7179470280971 3.2485338693337594e-17
1209.7246202882409 3.2760095704913233e-17
1209.7312935429718 3.30368599810257e-17
1209.7379667922894 3.331564314632768e-17
1209.744640036194 3.359645686533044e-17
1209.7513132746856 3.3879312842323246e-17
1209.7579865077644 3.416422282127062e-17
1209.76465973543 3.4451198585612133e-17
1209.7713329576825 3.4740251958268234e-17
1209.7780061745223 3.5031394801423866e-17
1209.784679385949 3.5324639016456244e-17
1209.791352591963 3.5619996543764055e-17
1209.7980257925637 3.591747936265748e-17
1209.804698987752 3.621709949124643e-17
1209.8113721775271 3.651886898624882e-17
1209.8180453618893 3.682279994292785e-17
1209.8247185408386 3.7128904494871974e-17
1209.8313917143753 3.7437194813881764e-17
1209.8380648824989 3.774768310983259e-17
1209.8447380452099 3.806038163052279e-17
1209.851411202508 3.837530266148474e-17
1209.8580843543932 3.869245852586077e-17
1209.8647575008656 3.901186158420715e-17
1209.8714306419256 3.9333524234411906e-17
1209.8781037775723 3.965745891138668e-17
1209.8847769078066 3.9983678087072894e-17
1209.8914500326282 4.0312194270078684e-17
1209.8981231520368 4.0643020005656316e-17
1209.904796266033 4.097616787546343e-17
1209.9114693746162 4.131165049735491e-17
1209.918142477787 4.1649480525220716e-17
1209.924815575545 4.198967064882086e-17
1209.9314886678903 4.2332233593543467e-17
1209.9381617548229 4.2677182120245404e-17
1209.944834836343 4.302452902502779e-17
1209.9515079124503 4.3374287139071676e-17
1209.9581809831454 4.372646932840661e-17
1209.9648540484275 4.4081088493636465e-17
1209.971527108297 4.443815756986875e-17
1209.9782001627545 4.479768952640847e-17
1209.984873211799 4.515969736649898e-17
1209.991546255431 4.55241941272173e-17
1209.9982192936507 4.589119287914264e-17
1210.0048923264576 4.626070672616632e-17
1210.0115653538521 4.6632748805285755e-17
1210.018238375834 4.7007332286314065e-17
1210.0249113924037 4.7384470371694645e-17
1210.0315844035606 4.776417629617509e-17
1210.0382574093053 4.8146463326698926e-17
1210.0449304096376 4.853134476200239e-17
1210.0516034045575 4.8918833932458254e-17
1210.0582763940647 4.930894419979034e-17
1210.0649493781598 4.9701688956812875e-17
1210.0716223568425 5.009708162715162e-17
1210.0782953301127 5.049513566500449e-17
1210.0849682979706 5.089586455485576e-17
1210.091641260416 5.129928181120112e-17
1210.0983142174493 5.1705400978268894e-17
1210.1049871690702 5.2114235629722497e-17
1210.111660115279 5.2525799368404604e-17
1210.1183330560752 5.2940105826032336e-17
1210.1250059914594 5.3357168662904694e-17
1210.131678921431 5.377700156758975e-17
1210.1383518459907 5.419961825665471e-17
1210.1450247651378 5.4625032474331447e-17
1210.1516976788732 5.50532579922703e-17
1210.158370587196 5.548430860911968e-17
1210.1650434901064 5.591819815030415e-17
1210.171716387605 5.63549404676905e-17
1210.1783892796914 5.679454943920074e-17
1210.1850621663657 5.723703896858171e-17
1210.1917350476276 5.768242298499452e-17
1210.1984079234776 5.813071544272892e-17
1210.2050807939154 5.858193032084965e-17
1210.2117536589412 5.903608162285438e-17
1210.2184265185547 5.949318337629529e-17
1210.2250993727562 5.995324963253003e-17
1210.2317722215455 6.041629446625184e-17
1210.2384450649229 6.088233197519952e-17
1210.2451179028883 6.135137627976333e-17
1210.2517907354418 6.182344152267136e-17
1210.258463562583 6.229854186853562e-17
1210.2651363843124 6.277669150358342e-17
1210.2718092006296 6.325790463521238e-17
1210.2784820115353 6.37421954916275e-17
1210.2851548170286 6.422957832142229e-17
1210.29182761711 6.472006739327918e-17
1210.2985004117795 6.521367699548999e-17
1210.3051732010372 6.571042143564977e-17
1210.311845984883 6.621031504011276e-17
1210.3185187633167 6.671337215375269e-17
1210.3251915363385 6.721960713944583e-17
1210.3318643039486 6.772903437773417e-17
1210.338537066147 6.824166826635472e-17
1210.3452098229332 6.875752321980125e-17
1210.3518825743079 6.927661366901444e-17
1210.3585553202706 6.979895406078495e-17
1210.3652280608214 7.032455885751253e-17
1210.3719007959605 7.085344253661883e-17
1210.378573525688 7.138561959016601e-17
1210.3852462500035 7.192110452447216e-17
1210.3919189689075 7.245991185952901e-17
1210.3985916823995 7.300205612864753e-17
1210.40526439048 7.354755187804464e-17
1210.4119370931485 7.40964136662451e-17
1210.4186097904055 7.464865606375859e-17
1210.425282482251 7.520429365251258e-17
1210.4319551686845 7.576334102544289e-17
1210.4386278497066 7.632581278597771e-17
1210.4453005253167 7.689172354762126e-17
1210.4519731955156 7.746108793338892e-17
1210.4586458603026 7.803392057538224e-17
1210.465318519678 7.861023611427783e-17
1210.4719911736418 7.919004919881226e-17
1210.4786638221942 7.97733744853676e-17
1210.485336465335 8.036022663727758e-17
1210.4920091030642 8.095062032457684e-17
1210.4986817353818 8.154457022332056e-17
1210.505354362288 8.214209101511136e-17
1210.5120269837826 8.274319738653745e-17
1210.5186995998656 8.334790402875964e-17
1210.5253722105374 8.395622563689734e-17
1210.5320448157975 8.45681769095197e-17
1210.538717415646 8.518377254806566e-17
1210.5453900100836 8.580302725641853e-17
1210.5520625991091 8.6425955740273e-17
1210.5587351827237 8.705257270661136e-17
1210.5654077609265 8.768289286310686e-17
1210.5720803337183 8.831693091773055e-17
1210.5787529010984 8.895470157789138e-17
1210.5854254630672 8.959621955026931e-17
1210.5920980196247 9.024149953989923e-17
1210.598770570771 9.089055624978716e-17
1210.6054431165055 9.154340438026489e-17
1210.612115656829 9.220005862850816e-17
1210.6187881917413 9.286053368776129e-17
1210.6254607212422 9.352484424699206e-17
1210.6321332453317 9.419300499008388e-17
1210.6388057640102 9.486503059543628e-17
1210.645478277277 9.554093573512099e-17
1210.652150785133 9.622073507460056e-17
1210.6588232875777 9.690444327185109e-17
1210.6654957846113 9.759207497687515e-17
1210.6721682762336 9.828364483103838e-17
1210.6788407624445 9.897916746650191e-17
1210.6855132432445 9.96786575056016e-17
1210.692185718633 1.0038212956009323e-16
1210.6988581886105 1.0108959823075527e-16
1210.7055306531772 1.0180107810657513e-16
1210.7122031123324 1.0251658376411114e-16
1210.7188755660768 1.0323612976700861e-16
1210.72554801441 1.0395973066509138e-16
1210.732220457332 1.0468740099408395e-16
1210.7388928948428 1.0541915527456095e-16
1210.7455653269428 1.0615500801158315e-16
1210.7522377536316 1.0689497369390409e-16
1210.7589101749095 1.0763906679327827e-16
1210.7655825907764 1.0838730176398464e-16
1210.7722550012322 1.091396930417987e-16
1210.778927406277 1.0989625504378452e-16
1210.7855998059108 1.1065700216723059e-16
1210.792272200134 1.1142194878907626e-16
1210.798944588946 1.1219110926533702e-16
1210.805616972347 1.1296449793030363e-16
1210.812289350337 1.1374212909581804e-16
1210.8189617229164 1.1452401705074756e-16
1210.8256340900846 1.15310176060084e-16
1210.832306451842 1.161006203643236e-16
1210.8389788081886 1.168953641787884e-16
1210.8456511591241 1.176944216929142e-16
1210.8523235046491 1.184978070694179e-16
1210.858995844763 1.193055344437536e-16
1210.8656681794662 1.2011761792324387e-16
1210.8723405087587 1.209340715864707e-16
1210.8790128326405 1.2175490948239674e-16
1210.8856851511114 1.225801456298118e-16
1210.8923574641713 1.2340979401644515e-16
1210.8990297718206 1.2424386859831621e-16
1210.9057020740593 1.2508238329896022e-16
1210.9123743708872 1.259253520086808e-16
1210.919046662304 1.2677278858373746e-16
1210.9257189483105 1.2762470684577732e-16
1210.9323912289062 1.284811205808605e-16
1210.9390635040916 1.2934204353882366e-16
1210.9457357738659 1.3020748943245248e-16
1210.9524080382296 1.310774719367779e-16
1210.9590802971827 1.3195200468827379e-16
1210.9657525507253 1.3283110128408203e-16
1210.9724247988572 1.3371477528120422e-16
1210.9790970415786 1.3460304019578406e-16
1210.9857692788894 1.354959095022927e-16
1210.9924415107896 1.3639339663274078e-16
1210.999113737279 1.3729551497585617e-16
1211.0057859583583 1.3820227787638957e-16
1211.0124581740267 1.3911369863415083e-16
1211.0191303842848 1.400297905033781e-16
1211.0258025891324 1.4095056669193452e-16
1211.0324747885695 1.4187604036030164e-16
1211.0391469825959 1.4280622462090359e-16
1211.045819171212 1.4374113253750221e-16
1211.0524913544177 1.4468077712390356e-16
1211.059163532213 1.4562517134362013e-16
1211.065835704598 1.4657432810874125e-16
1211.0725078715723 1.4752826027921302e-16
1211.0791800331363 1.4848698066208193e-16
1211.0858521892899 1.4945050201052702e-16
1211.092524340033 1.5041883702309712e-16
1211.099196485366 1.513919983429834e-16
1211.1058686252886 1.5236999855697037e-16
1211.1125407598006 1.5335285019462813e-16
1211.1192128889024 1.543405657277591e-16
1211.1258850125942 1.5533315756919392e-16
1211.1325571308755 1.5633063807212229e-16
1211.1392292437465 1.5733301952913433e-16
1211.1459013512072 1.5834031417154978e-16
1211.152573453258 1.593525341684176e-16
1211.1592455498978 1.6036969162565582e-16
1211.165917641128 1.6139179858530462e-16
1211.1725897269478 1.624188670244755e-16
1211.1792618073575 1.6345090885474964e-16
1211.185933882357 1.644879359209705e-16
1211.192605951946 1.655299600007532e-16
1211.1992780161252 1.6657699280330843e-16
1211.2059500748942 1.6762904596872e-16
1211.2126221282529 1.6868613106695426e-16
1211.2192941762016 1.697482595972115e-16
1211.2259662187403 1.7081544298681587e-16
1211.2326382558688 1.7188769259028894e-16
1211.2393102875872 1.7296501968878058e-16
1211.2459823138956 1.7404743548890737e-16
1211.2526543347938 1.7513495112186147e-16
1211.259326350282 1.7622757764267935e-16
1211.2659983603603 1.7732532602935e-16
1211.2726703650283 1.78428207181639e-16
1211.2793423642865 1.7953623192055314e-16
1211.2860143581347 1.806494109872423e-16
1211.292686346573 1.8176775504213844e-16
1211.2993583296013 1.8289127466397182e-16
1211.3060303072195 1.8401998034907367e-16
1211.312702279428 1.8515388251034687e-16
1211.3193742462263 1.8629299147615288e-16
1211.326046207615 1.8743731748998515e-16
1211.3327181635934 1.8858687070872397e-16
1211.3393901141624 1.897416612026486e-16
1211.3460620593212 1.9090169895368196e-16
