src/LyA_code/TOI_776_Obs_Package4/pubdata/lya_fit_rescaled_to_g140l_epoch.ecsv
# %ECSV 1.0
# ---
# datatype:
# - {name: w, datatype: float64}
# - {name: y, datatype: float64}
# meta: !!omap
# - best fit parameters: [45.57031728354851, 78.79493148176205, 1.5988582335931167e-13, 760.914847018622, 7.388864277616206e-15, 1.00152028963031,
#     1.7163867189335131, -18.399925848115224, 17.127989793763337, 26.938500076858602, -4.877966481887974]
# schema: astropy-2.0
w y
[from data line 1969]
1219.3018433338973 3.4089787094013294e-16
1219.308508829035 3.391721720550612e-16
1219.3151743187782 3.3745211674715104e-16
1219.3218398031272 3.3573770796808046e-16
1219.3285052820825 3.3402894849752844e-16
1219.335170755643 3.3232584094434557e-16
1219.3418362238099 3.3062838774696124e-16
1219.3485016865825 3.2893659117443245e-16
1219.355167143961 3.272504533273031e-16
1219.3618325959453 3.255699761380895e-16
1219.3684980425355 3.2389516137246354e-16
1219.375163483732 3.22226010629683e-16
1219.3818289195342 3.2056252534371677e-16
1219.3884943499422 3.1890470678387237e-16
1219.3951597749563 3.172525560558606e-16
1219.4018251945763 3.156060741020007e-16
1219.4084906088026 3.1396526170290784e-16
1219.4151560176347 3.1233011947770364e-16
1219.4218214210728 3.107006478850328e-16
1219.4284868191169 3.0907684722401643e-16
1219.4351522117672 3.0745871763472586e-16
1219.4418175990236 3.058462590995656e-16
1219.448482980886 3.0423947144351284e-16
1219.4551483573546 3.0263835433550265e-16
1219.461813728429 3.0104290728891653e-16
1219.4684790941096 2.9945312966261005e-16
1219.4751444543965 2.978690206615302e-16
1219.4818098092894 2.962905793380429e-16
1219.4884751587886 2.947178045923751e-16
1219.495140502894 2.9315069517336157e-16
1219.5018058416053 2.915892496799475e-16
1219.508471174923 2.9003346656129696e-16
1219.515136502847 2.88483344118181e-16
1219.521801825377 2.8693888050367343e-16
1219.5284671425134 2.8540007372402015e-16
1219.535132454256 2.838669216393985e-16
1219.5417977606048 2.8233942196496463e-16
1219.54846306156 2.8081757227178475e-16
1219.5551283571215 2.7930136998748706e-16
1219.561793647289 2.7779081239731144e-16
1219.568458932063 2.7628589664476784e-16
1219.5751242114436 2.747866197329118e-16
1219.5817894854304 2.732929785250038e-16
1219.5884547540234 2.7180496974517514e-16
1219.5951200172226 2.7032258997976093e-16
1219.6017852750285 2.6884583567780056e-16
1219.608450527441 2.6737470315220617e-16
1219.6151157744594 2.6590918858054327e-16
1219.6217810160842 2.6444928800587083e-16
1219.628446252316 2.629949973376899e-16
1219.6351114831539 2.6154631235294785e-16
1219.6417767085982 2.601032286966655e-16
1219.6484419286492 2.58665741882998e-16
1219.6551071433062 2.5723384729639967e-16
1219.66177235257 2.558075401918835e-16
1219.6684375564405 2.543868156966143e-16
1219.6751027549171 2.5297166881033207e-16
1219.6817679480007 2.5156209440630896e-16
1219.6884331356907 2.501580872325679e-16
1219.6950983179872 2.48759641912626e-16
1219.7017634948904 2.473667529459836e-16
1219.7084286664 2.4597941470975866e-16
1219.7150938325162 2.445976214591223e-16
1219.7217589932393 2.4322136732810453e-16
1219.7284241485688 2.4185064633111547e-16
1219.7350892985048 2.4048545236303237e-16
1219.7417544430477 2.391257792007716e-16
1219.7484195821971 2.3777162050383685e-16
1219.7550847159534 2.3642296981533083e-16
1219.7617498443162 2.3507982056291102e-16
1219.7684149672857 2.3374216605964637e-16
1219.775080084862 2.32409999504777e-16
1219.7817451970454 2.310833139850675e-16
1219.788410303835 2.297621024750709e-16
1219.7950754052315 2.2844635783872653e-16
1219.801740501235 2.271360728295299e-16
1219.808405591845 2.258312400922724e-16
1219.8150706770618 2.2453185216311743e-16
1219.8217357568858 2.2323790147109206e-16
1219.8284008313162 2.2194938033884438e-16
1219.8350659003536 2.2066628098340645e-16
1219.841730963998 2.1938859551714724e-16
1219.848396022249 2.1811631594886835e-16
1219.8550610751072 2.1684943418442187e-16
1219.8617261225718 2.155879420278984e-16
1219.8683911646438 2.1433183118224608e-16
1219.8750562013224 2.130810932504554e-16
1219.8817212326082 2.118357197361791e-16
1219.8883862585008 2.1059570204482008e-16
1219.8950512790004 2.0936103148452184e-16
1219.9017162941068 2.0813169926669931e-16
1219.9083813038203 2.0690769650730477e-16
1219.9150463081407 2.0568901422758657e-16
1219.921711307068 2.044756433549393e-16
1219.9283763006028 2.0326757472384565e-16
1219.9350412887443 2.0206479907685835e-16
1219.941706271493 2.0086730706522445e-16
1219.9483712488486 1.9967508925013532e-16
1219.9550362208115 1.9848813610339191e-16
1219.9617011873813 1.9730643800825107e-16
1219.9683661485583 1.9612998526053396e-16
1219.9750311043424 1.9495876806920443e-16
1219.9816960547334 1.9379277655764827e-16
1219.9883609997319 1.926320007641202e-16
1219.9950259393372 1.9147643064310348e-16
1220.00169087355 1.903260560655853e-16
1220.0083558023698 1.89180866820626e-16
1220.015020725797 1.8804085261559195e-16
1220.0216856438312 1.8690600307762917e-16
1220.0283505564728 1.8577630775402712e-16
1220.0350154637213 1.8465175611334613e-16
1220.0416803655771 1.8353233754628796e-16
1220.0483452620406 1.8241804136648004e-16
1220.055010153111 1.8130885681142702e-16
1220.0616750387887 1.8020477304329277e-16
1220.0683399190739 1.7910577914976435e-16
1220.0750047939662 1.7801186414511818e-16
1220.0816696634658 1.769230169707519e-16
1220.088334527573 1.7583922649632786e-16
1220.0949993862873 1.7476048152034514e-16
1220.1016642396091 1.7368677077131596e-16
1220.1083290875383 1.7261808290833564e-16
1220.1149939300747 1.7155440652221077e-16
1220.1216587672186 1.7049573013594944e-16
1220.1283235989702 1.6944204220596238e-16
1220.1349884253289 1.6839333112262956e-16
1220.141653246295 1.6734958521137631e-16
1220.1483180618688 1.6631079273323813e-16
1220.15498287205 1.6527694188608476e-16
1220.1616476768386 1.6424802080495085e-16
1220.1683124762346 1.632240175634064e-16
1220.1749772702383 1.62204920173811e-16
1220.1816420588495 1.6119071658875014e-16
1220.1883068420682 1.6018139470136452e-16
1220.1949716198944 1.591769423464367e-16
1220.2016363923283 1.5817734730106064e-16
1220.2083011593697 1.5718259728564213e-16
1220.2149659210186 1.5619267996452844e-16
1220.2216306772752 1.5520758294689242e-16
1220.2282954281395 1.5422729378757841e-16
1220.2349601736112 1.5325179998786986e-16
1220.2416249136907 1.5228108899625692e-16
1220.2482896483777 1.5131514820923742e-16
1220.2549543776724 1.503539649722573e-16
1220.261619101575 1.4939752658032638e-16
1220.2682838200851 1.4844582027884595e-16
1220.274948533203 1.4749883326457552e-16
1220.2816132409287 1.4655655268617045e-16
1220.288277943262 1.4561896564500184e-16
1220.294942640203 1.4468605919621716e-16
1220.3016073317517 1.4375782034909754e-16
1220.3082720179086 1.4283423606811278e-16
1220.314936698673 1.4191529327369121e-16
1220.321601374045 1.4100097884284986e-16
1220.328266044025 1.400912796100296e-16
1220.334930708613 1.3918618236789205e-16
1220.3415953678086 1.3828567386804334e-16
1220.3482600216118 1.3738974082172502e-16
1220.3549246700234 1.3649836990070043e-16
1220.3615893130425 1.3561154773790479e-16
1220.3682539506697 1.3472926092825902e-16
1220.3749185829047 1.3385149602937865e-16
1220.3815832097475 1.3297823956225037e-16
1220.3882478311987 1.3210947801213263e-16
1220.3949124472574 1.31245197829094e-16
1220.4015770579242 1.3038538542890663e-16
1220.4082416631989 1.2953002719373987e-16
1220.4149062630815 1.2867910947272647e-16
1220.4215708575723 1.2783261858290612e-16
1220.428235446671 1.2699054080984766e-16
1220.4349000303778 1.261528624083312e-16
1220.4415646086927 1.2531956960312308e-16
1220.4482291816155 1.2449064858961995e-16
1220.4548937491463 1.236660855346154e-16
1220.4615583112854 1.2284586657693972e-16
1220.4682228680324 1.2202997782818666e-16
1220.4748874193876 1.2121840537343967e-16
1220.481551965351 1.2041113527189956e-16
1220.4882165059223 1.1960815355766323e-16
1220.4948810411017 1.188094462402266e-16
1220.5015455708894 1.1801499930543438e-16
1220.5082100952854 1.172247987158285e-16
1220.5148746142893 1.1643883041173618e-16
1220.5215391279014 1.156570803114372e-16
1220.528203636122 1.148795343123014e-16
1220.5348681389507 1.141061782911565e-16
1220.5415326363875 1.1333699810503586e-16
1220.5481971284328 1.1257197959186145e-16
1220.554861615086 1.1181110857103863e-16
1220.5615260963477 1.1105437084416067e-16
1220.5681905722176 1.1030175219556904e-16
1220.5748550426958 1.0955323839316177e-16
1220.5815195077823 1.0880881518877882e-16
1220.5881839674773 1.0806846831905991e-16
1220.5948484217804 1.0733218350601654e-16
1220.601512870692 1.0659994645752126e-16
1220.608177314212 1.0587174286815029e-16
1220.6148417523405 1.0514755841963744e-16
1220.621506185077 1.0442737878157042e-16
1220.628170612422 1.0371118961192212e-16
1220.6348350343756 1.0299897655781846e-16
1220.6414994509375 1.0229072525590234e-16
1220.6481638621078 1.0158642133314655e-16
1220.6548282678868 1.0088605040737068e-16
1220.661492668274 1.0018959808783317e-16
1220.6681570632697 9.94970499757429e-17
1220.6748214528739 9.880839166507741e-17
1220.6814858370867 9.812360874280367e-17
1220.688150215908 9.744268678989119e-17
1220.694814589338 9.676561138147725e-17
1220.7014789573764 9.609236808769215e-17
1220.7081433200233 9.542294247412354e-17
1220.7148076772787 9.475732010240514e-17
1220.721472029143 9.409548653082388e-17
1220.7281363756156 9.343742731475162e-17
1220.7348007166968 9.278312800734437e-17
1220.741465052387 9.213257415991817e-17
1220.7481293826854 9.148575132273535e-17
1220.7547937075926 9.084264504525429e-17
1220.7614580271083 9.020324087683503e-17
1220.768122341233 8.956752436734199e-17
1220.7747866499662 8.893548106752843e-17
1220.7814509533084 8.830709652953918e-17
1220.788115251259 8.768235630759546e-17
1220.7947795438183 8.706124595837097e-17
1220.8014438309865 8.644375104155187e-17
1220.8081081127634 8.582985712036916e-17
1220.814772389149 8.521954976205774e-17
1220.8214366601435 8.461281453842657e-17
1220.8281009257469 8.400963702624246e-17
1220.834765185959 8.34100028078158e-17
1220.8414294407798 8.281389747151209e-17
1220.8480936902095 8.222130661212633e-17
1220.8547579342483 8.163221583147722e-17
1220.8614221728956 8.104661073881944e-17
1220.8680864061519 8.046447695140549e-17
1220.8747506340171 7.988580009473937e-17
1220.8814148564911 7.931056580336967e-17
1220.888079073574 7.873875972107116e-17
1220.894743285266 7.817036750145529e-17
1220.901407491567 7.76053748083623e-17
1220.9080716924766 7.704376731633413e-17
1220.9147358879957 7.648553071108371e-17
1220.9214000781235 7.593065068991793e-17
1220.92806426286 7.537911296217837e-17
1220.934728442206 7.483090324961675e-17
1220.9413926161608 7.428600728697191e-17
1220.9480567847245 7.374441082227567e-17
1220.9547209478974 7.320609961733942e-17
1220.9613851056795 7.267105944813537e-17
1220.9680492580703 7.213927610527499e-17
1220.9747134050706 7.161073539428346e-17
1220.9813775466796 7.108542313624835e-17
1220.988041682898 7.056332516796912e-17
1220.9947058137252 7.004442734257598e-17
1221.001369939162 6.952871552971545e-17
1221.0080340592076 6.901617561617763e-17
1221.0146981738624 6.850679350611405e-17
1221.0213622831266 6.800055512146499e-17
1221.0280263869997 6.749744640243817e-17
1221.0346904854823 6.6997453307719e-17
1221.0413545785739 6.650056181503589e-17
1221.0480186662749 6.600675792134624e-17
1221.0546827485848 6.551602764337323e-17
1221.0613468255044 6.502835701784255e-17
1221.068010897033 6.4543732101954e-17
1221.074674963171 6.406213897364894e-17
1221.0813390239182 6.358356373200166e-17
1221.0880030792748 6.31079924975706e-17
1221.0946671292406 6.263541141278085e-17
1221.1013311738159 6.216580664217979e-17
1221.1079952130003 6.169916437286555e-17
1221.1146592467944 6.123547081478805e-17
1221.1213232751975 6.077471220104797e-17
1221.1279872982102 6.031687478832914e-17
1221.1346513158321 5.98619448570699e-17
1221.141315328064 5.940990871192286e-17
1221.1479793349047 5.896075268202153e-17
1221.154643336355 5.85144631212791e-17
1221.1613073324147 5.807102640873317e-17
1221.167971323084 5.763042894882097e-17
1221.174635308363 5.719265717170004e-17
1221.181299288251 5.675769753356605e-17
1221.1879632627488 5.632553651691711e-17
1221.194627231856 5.589616063091248e-17
1221.2012911955728 5.546955641150262e-17
1221.2079551538993 5.5045710421956223e-17
1221.214619106835 5.462460925293637e-17
1221.2212830543804 5.420623952289176e-17
1221.2279469965356 5.379058787827083e-17
1221.2346109333002 5.337764099388784e-17
1221.2412748646743 5.2967385573068766e-17
1221.2479387906583 5.255980834799542e-17
1221.254602711252 5.2154896079968255e-17
1221.261266626455 5.1752635559634976e-17
1221.2679305362678 5.135301360729241e-17
1221.2745944406902 5.095601707304971e-17
1221.2812583397224 5.0561632837196805e-17
1221.2879222333645 5.016984781036199e-17
1221.294586121616 4.978064893381296e-17
1221.3012500044774 4.9394023179609484e-17
1221.3079138819485 4.900995755095597e-17
1221.3145777540292 4.862843908234722e-17
1221.3212416207198 4.824945483982739e-17
1221.3279054820202 4.78729919212446e-17
1221.3345693379304 4.749903745638943e-17
1221.3412331884504 4.712757860735533e-17
1221.34789703358 4.6758602568574174e-17
1221.3545608733198 4.6392096567182714e-17
1221.3612247076692 4.602804786319088e-17
1221.3678885366285 4.566644374963453e-17
1221.3745523601976 4.530727155287459e-17
1221.381216178377 4.495051863264985e-17
1221.3878799911658 4.45961723824892e-17
1221.3945437985649 4.4244220229692485e-17
1221.4012076005736 4.389464963564239e-17
1221.4078713971924 4.354744809600495e-17
1221.414535188421 4.320260314079783e-17
1221.4211989742598 4.286010233472873e-17
1221.4278627547083 4.251993327727034e-17
1221.434526529767 4.2182083602825145e-17
1221.4411902994357 4.184654098098719e-17
1221.4478540637144 4.1513293116636423e-17
1221.454517822603 4.1182327750143415e-17
1221.461181576102 4.085363265749661e-17
1221.4678453242107 4.0527195650537685e-17
1221.4745090669296 4.02030045770091e-17
1221.4811728042584 3.9881047320819893e-17
1221.4878365361974 3.956131180212507e-17
1221.4945002627467 3.924378597748766e-17
1221.5011639839058 3.892845784008472e-17
1221.5078276996753 3.8615315419756344e-17
1221.514491410055 3.830434678320609e-17
1221.5211551150446 3.799554003415043e-17
1221.5278188146447 3.768888331339595e-17
1221.5344825088546 3.738436479904136e-17
1221.5411461976748 3.7081972706549854e-17
1221.5478098811054 3.6781695288876574e-17
1221.5544735591461 3.6483520836671606e-17
1221.5611372317971 3.618743767832234e-17
1221.5678008990583 3.589343418007282e-17
1221.5744645609298 3.5601498746184406e-17
1221.5811282174116 3.53116198190157e-17
1221.5877918685035 3.502378587914428e-17
1221.594455514206 3.473798544549633e-17
1221.6011191545188 3.4454207075398217e-17
1221.6077827894417 3.417243936474334e-17
1221.6144464189751 3.389267094802855e-17
1221.6211100431187 3.361489049851514e-17
1221.6277736618729 3.3339086728250456e-17
1221.6344372752374 3.306524838825378e-17
1221.6411008832122 3.279336426851313e-17
1221.6477644857976 3.252342319813422e-17
1221.6544280829933 3.225541404540492e-17
1221.6610916747993 3.198932571785724e-17
1221.667755261216 3.172514716238757e-17
1221.674418842243 3.1462867365323385e-17
1221.6810824178804 3.120247535245905e-17
1221.6877459881287 3.0943960189158114e-17
1221.694409552987 3.0687310980461663e-17
1221.701073112456 3.043251687108813e-17
1221.7077366665358 3.017956704552776e-17
1221.7144002152259 2.9928450728105515e-17
1221.7210637585265 2.967915718305097e-17
1221.7277272964375 2.94316757145469e-17
1221.7343908289595 2.918599566677574e-17
1221.741054356092 2.8942106423973965e-17
1221.747717877835 2.8699997410528416e-17
1221.7543813941884 2.8459658090952404e-17
1221.7610449051529 2.8221077969987325e-17
1221.767708410728 2.798424659261095e-17
1221.7743719109135 2.7749153544133067e-17
1221.7810354057096 2.751578845016479e-17
1221.7876988951166 2.7284140976700655e-17
1221.794362379134 2.70542008301629e-17
1221.8010258577626 2.6825957757383182e-17
1221.8076893310017 2.6599401545711268e-17
1221.8143527988514 2.6374522022967463e-17
1221.821016261312 2.6151309057520928e-17
1221.8276797183835 2.5929752558297694e-17
1221.8343431700655 2.5709842474787192e-17
1221.8410066163583 2.5491568797104768e-17
1221.8476700572621 2.527492155596116e-17
1221.8543334927767 2.505989082272833e-17
1221.860996922902 2.484646670940595e-17
1221.867660347638 2.4634639368674693e-17
1221.8743237669853 2.442439899389076e-17
