src/LyA_code/TOI_776_Obs_Package4/pubdata/lya_fit_g140m.ecsv
# %ECSV 1.0
# ---
# datatype:
# - {name: w, datatype: float64}
# - {name: y, datatype: float64}
# meta: !!omap
# - best fit parameters: [45.57031728354851, 78.79493148176205, 1.5988582335931167e-13, 760.914847018622, 7.388864277616206e-15, 1.00152028963031,
#     1.7163867189335131, -18.399925848115224, 17.127989793763337, 26.938500076858602, -4.877966481887974]
# schema: astropy-2.0
w y
[from data line 778]
1211.3594059334093 1.9323755571024693e-16
1211.3660778623387 1.94413394231806e-16
1211.372749785858 1.9559451904077947e-16
1211.3794217039679 1.9678093966564184e-16
1211.386093616668 1.9797266554143232e-16
1211.3927655239581 1.9916970600865813e-16
1211.3994374258384 2.003720703125903e-16
1211.406109322309 2.0157976760225322e-16
1211.41278121337 2.0279280692954525e-16
1211.4194530990212 2.0401119724808986e-16
1211.4261249792626 2.0523494741271033e-16
1211.4327968540942 2.0646406617814667e-16
1211.4394687235163 2.0769856219830576e-16
1211.4461405875286 2.0893844402524295e-16
1211.4528124461312 2.1018372010832267e-16
1211.4594842993245 2.1143439879329023e-16
1211.466156147108 2.126904883212035e-16
1211.4728279894819 2.1395199682759194e-16
1211.4794998264458 2.1521893234157217e-16
1211.4861716580006 2.164913027848704e-16
1211.4928434841454 2.1776911597084177e-16
1211.499515304881 2.190523796037268e-16
1211.506187120207 2.2034110127738819e-16
1211.5128589301232 2.2163528847465964e-16
1211.51953073463 2.229349485662711e-16
1211.5262025337272 2.2424008881000905e-16
1211.5328743274151 2.255507163497847e-16
1211.5395461156934 2.268668382145556e-16
1211.5462178985624 2.28188461317535e-16
1211.5528896760216 2.295155924551625e-16
1211.5595614480715 2.308482383062658e-16
1211.5662332147122 2.3218640543108067e-16
1211.572904975943 2.3353010027026695e-16
1211.5795767317645 2.3487932914412374e-16
1211.586248482177 2.3623409825150893e-16
1211.5929202271798 2.375944136688567e-16
1211.5995919667732 2.3896028134944316e-16
1211.6062637009572 2.403317071224076e-16
1211.612935429732 2.4170869669161955e-16
1211.6196071530976 2.430912556351515e-16
1211.6262788710537 2.4447938940374357e-16
1211.6329505836004 2.4587310332053133e-16
1211.639622290738 2.472724025797142e-16
1211.646293992466 2.486772922455731e-16
1211.6529656887851 2.5008777725190393e-16
1211.659637379695 2.5150386240099316e-16
1211.6663090651955 2.529255523621705e-16
1211.6729807452866 2.5435285167161397e-16
1211.6796524199688 2.5578576473116876e-16
1211.6863240892415 2.5722429580716335e-16
1211.6929957531052 2.5866844902980315e-16
1211.6996674115596 2.601182283920946e-16
1211.7063390646047 2.615736377490864e-16
1211.713010712241 2.6303468081674186e-16
1211.719682354468 2.6450136117118225e-16
1211.7263539912858 2.659736822477224e-16
1211.7330256226946 2.674516473399036e-16
1211.7396972486943 2.6893525959869226e-16
1211.7463688692849 2.7042452203157226e-16
1211.7530404844663 2.7191943750136546e-16
1211.7597120942387 2.7342000872581857e-16
1211.766383698602 2.749262382762629e-16
1211.7730552975565 2.76438128576933e-16
1211.779726891102 2.779556819039563e-16
1211.7863984792384 2.794789003846244e-16
1211.7930700619659 2.8100778599627444e-16
1211.799741639284 2.825423405655082e-16
1211.8064132111936 2.840825657674137e-16
1211.813084777694 2.8562846312451086e-16
1211.8197563387857 2.871800340058051e-16
1211.8264278944682 2.887372796261906e-16
1211.833099444742 2.903002010452833e-16
1211.8397709896067 2.9186879916677254e-16
1211.8464425290626 2.9344307473725733e-16
1211.8531140631096 2.9502302834571954e-16
1211.8597855917478 2.966086604224221e-16
1211.8664571149773 2.9819997123804156e-16
1211.8731286327975 2.99796960902861e-16
1211.8798001452092 3.0139962936596645e-16
1211.886471652212 3.0300797641444933e-16
1211.8931431538062 3.0462200167213563e-16
1211.8998146499914 3.062417045992665e-16
1211.9064861407678 3.0786708449135126e-16
1211.9131576261354 3.0949814047826205e-16
1211.9198291060945 3.1113487152380943e-16
1211.9265005806449 3.1277727642424303e-16
1211.9331720497864 3.1442535380795535e-16
1211.9398435135192 3.160791021344692e-16
1211.9465149718435 3.177385196936689e-16
1211.953186424759 3.1940360460467056e-16
1211.9598578722657 3.2107435481554816e-16
1211.9665293143642 3.227507681021508e-16
1211.9732007510536 3.244328420670393e-16
1211.9798721823345 3.2612057413935375e-16
1211.9865436082068 3.278139615733902e-16
1211.9932150286704 3.2951300144829267e-16
1211.9998864437257 3.312176906668839e-16
1212.0065578533722 3.32928025954867e-16
1212.0132292576102 3.346440038602241e-16
1212.0199006564394 3.3636562075255637e-16
1212.0265720498603 3.3809287282192444e-16
1212.033243437873 3.3982575607825913e-16
1212.0399148204767 3.4156426635071603e-16
1212.046586197672 3.4330839928652505e-16
1212.053257569459 3.4505815035086326e-16
1212.0599289358372 3.4681351482539414e-16
1212.0666002968076 3.48574487808024e-16
1212.073271652369 3.5034106421170115e-16
1212.079943002522 3.5211323876431765e-16
1212.0866143472667 3.538910060072567e-16
1212.0932856866032 3.5567436029510963e-16
1212.099957020531 3.574632957948179e-16
1212.1066283490504 3.592578064848798e-16
1212.1132996721617 3.610578861547625e-16
1212.1199709898644 3.628635284041882e-16
1212.126642302159 3.646747266421584e-16
1212.1333136090452 3.6649147408664693e-16
1212.1399849105228 3.6831376376350143e-16
1212.1466562065928 3.701415885062186e-16
1212.153327497254 3.719749409547185e-16
1212.1599987825068 3.7381381355506533e-16
1212.1666700623516 3.756581985586558e-16
1212.173341336788 3.775080880216152e-16
1212.1800126058163 3.7936347380386123e-16
1212.1866838694364 3.8122434756871305e-16
1212.1933551276484 3.830907007824458e-16
1212.2000263804518 3.849625247128883e-16
1212.2066976278475 3.868398104296719e-16
1212.2133688698348 3.887225488030457e-16
1212.2200401064138 3.906107305032458e-16
1212.226711337585 3.9250434600021654e-16
1212.233382563348 3.944033855626472e-16
1212.2400537837027 3.9630783925756905e-16
1212.2467249986494 3.9821769694968073e-16
1212.2533962081877 4.001329483006794e-16
1212.2600674123184 4.0205358276895043e-16
1212.2667386110409 4.0397958960834667e-16
1212.2734098043552 4.0591095786852736e-16
1212.2800809922617 4.0784767639346775e-16
1212.28675217476 4.097897338217427e-16
1212.2934233518506 4.1173711858511534e-16
1212.3000945235328 4.1368981890862524e-16
1212.3067656898072 4.156478228099024e-16
1212.3134368506735 4.1761111809841257e-16
1212.320108006132 4.1957969237507077e-16
1212.3267791561825 4.2155353303193154e-16
1212.3334503008252 4.2353262725116903e-16
1212.3401214400599 4.255169620049243e-16
1212.3467925738864 4.275065240548798e-16
1212.3534637023054 4.2950129995146996e-16
1212.3601348253164 4.315012760336875e-16
1212.3668059429197 4.3350643842830703e-16
1212.3734770551148 4.3551677304948616e-16
1212.3801481619023 4.3753226559874165e-16
1212.386819263282 4.395529015637534e-16
1212.3934903592537 4.415786662183553e-16
1212.4001614498177 4.4360954462216916e-16
1212.406832534974 4.456455216198696e-16
1212.4135036147225 4.476865818409061e-16
1212.4201746890633 4.497327096993084e-16
1212.426845757996 4.517838893926733e-16
1212.4335168215214 4.53840104902588e-16
1212.4401878796389 4.559013399932542e-16
1212.4468589323487 4.579675782121575e-16
1212.4535299796507 4.600388028887773e-16
1212.4602010215451 4.621149971346718e-16
1212.466872058032 4.641961438432654e-16
1212.4735430891112 4.662822256889589e-16
1212.4802141147827 4.683732251272409e-16
1212.4868851350464 4.70469124394195e-16
1212.4935561499026 4.725699055060921e-16
1212.5002271593512 4.746755502592991e-16
1212.5068981633922 4.767860402296561e-16
1212.5135691620258 4.789013567724017e-16
1212.5202401552515 4.810214810216446e-16
1212.52691114307 4.831463938906168e-16
1212.5335821254807 4.8527607607054e-16
1212.540253102484 4.874105080311311e-16
1212.54692407408 4.895496700199515e-16
1212.5535950402682 4.916935420620716e-16
1212.5602660010488 4.938421039602201e-16
1212.5669369564223 4.959953352942325e-16
1212.5736079063884 4.981532154209023e-16
1212.5802788509468 5.00315723473602e-16
1212.5869497900976 5.024828383624713e-16
1212.5936207238412 5.046545387737387e-16
1212.6002916521775 5.068308031702477e-16
1212.606962575106 5.090116097899931e-16
1212.6136334926277 5.111969366475506e-16
1212.6203044047418 5.133867615327073e-16
1212.6269753114484 5.155810620106272e-16
1212.6336462127479 5.177798154220258e-16
1212.64031710864 5.19982998882631e-16
1212.6469879991246 5.221905892833776e-16
1212.653658884202 5.244025632900438e-16
1212.6603297638721 5.266188973428977e-16
1212.667000638135 5.288395676574927e-16
1212.6736715069906 5.310645502237602e-16
1212.6803423704391 5.332938208060108e-16
1212.6870132284803 5.355273549433497e-16
1212.693684081114 5.377651279487954e-16
1212.7003549283409 5.400071149103751e-16
1212.7070257701603 5.422532906898471e-16
1212.7136966065725 5.445036299234048e-16
1212.7203674375778 5.467581070218188e-16
1212.727038263176 5.490166961695938e-16
1212.7337090833669 5.512793713257039e-16
1212.7403798981504 5.535461062234349e-16
1212.747050707527 5.558168743700594e-16
1212.7537215114965 5.580916490473604e-16
1212.7603923100592 5.603704033114139e-16
1212.7670631032145 5.626531099922928e-16
1212.7737338909626 5.649397416947039e-16
1212.7804046733038 5.672302707978818e-16
1212.787075450238 5.695246694554907e-16
1212.7937462217653 5.718229095957021e-16
1212.8004169878855 5.741249629213688e-16
1212.8070877485989 5.764308009102925e-16
1212.813758503905 5.787403948149084e-16
1212.8204292538041 5.810537156629972e-16
1212.8270999982965 5.833707342571326e-16
1212.8337707373817 5.856914211753279e-16
1212.84044147106 5.880157467710989e-16
1212.8471121993316 5.903436811732781e-16
1212.8537829221962 5.92675194286606e-16
1212.860453639654 5.950102557918243e-16
1212.8671243517047 5.973488351455149e-16
1212.8737950583486 5.996909015808974e-16
1212.8804657595858 6.02036424107258e-16
1212.8871364554159 6.043853715110246e-16
1212.8938071458394 6.067377123552141e-16
1212.900477830856 6.09093414980183e-16
1212.9071485104657 6.114524475036963e-16
1212.913819184669 6.138147778212673e-16
1212.9204898534651 6.161803736060696e-16
1212.9271605168544 6.185492023096431e-16
1212.9338311748372 6.209212311619999e-16
1212.9405018274133 6.232964271720008e-16
1212.9471724745824 6.256747571272176e-16
1212.953843116345 6.280561875949398e-16
1212.960513752701 6.30440684922142e-16
1212.9671843836502 6.328282152354612e-16
1212.9738550091927 6.352187444424083e-16
1212.9805256293287 6.376122382306602e-16
1212.9871962440577 6.400086620692919e-16
1212.9938668533805 6.424079812086126e-16
1213.0005374572963 6.448101606808026e-16
1213.0072080558057 6.47215165300206e-16
1213.0138786489085 6.496229596637202e-16
1213.0205492366047 6.520335081511074e-16
1213.0272198188943 6.544467749255804e-16
1213.0338903957775 6.568627239341283e-16
1213.0405609672541 6.592813189078563e-16
1213.0472315333243 6.617025233625955e-16
1213.0539020939875 6.6412630059916745e-16
1213.0605726492447 6.665526137041949e-16
1213.0672431990952 6.689814255499341e-16
1213.0739137435392 6.714126987951901e-16
1213.080584282577 6.738463958859746e-16
1213.087254816208 6.762824790552705e-16
1213.0939253444328 6.787209103244245e-16
1213.100595867251 6.811616515028391e-16
1213.107266384663 6.836046641891109e-16
1213.1139368966687 6.860499097711883e-16
1213.1206074032675 6.884973494267146e-16
1213.1272779044605 6.909469441243731e-16
1213.133948400247 6.933986546234349e-16
1213.140618890627 6.958524414749365e-16
1213.1472893756006 6.983082650220575e-16
1213.1539598551683 7.007660854006799e-16
1213.1606303293293 7.032258625396876e-16
1213.1673007980842 7.056875561624476e-16
1213.1739712614326 7.081511257860351e-16
1213.180641719375 7.10616530723183e-16
1213.1873121719111 7.130837300817008e-16
1213.193982619041 7.155526827659839e-16
1213.2006530607646 7.180233474770794e-16
1213.207323497082 7.204956827135757e-16
1213.2139939279932 7.229696467722235e-16
1213.220664353498 7.254451977481094e-16
1213.2273347735968 7.279222935361098e-16
1213.2340051882898 7.304008918308011e-16
1213.2406755975762 7.328809501274698e-16
1213.2473460014567 7.353624257225798e-16
1213.2540163999308 7.37845275714611e-16
1213.2606867929992 7.403294570046281e-16
1213.2673571806613 7.428149262968555e-16
1213.2740275629174 7.453016400996193e-16
1213.2806979397672 7.477895547255643e-16
1213.2873683112111 7.50278626292883e-16
1213.2940386772489 7.527688107255381e-16
1213.3007090378808 7.552600637542234e-16
1213.3073793931067 7.577523409169632e-16
1213.3140497429263 7.602455975597085e-16
1213.32072008734 7.627397888373134e-16
1213.3273904263483 7.652348697138627e-16
1213.3340607599503 7.677307949635546e-16
1213.340731088146 7.70227519171501e-16
1213.347401410936 7.72724996734335e-16
1213.3540717283202 7.752231818609204e-16
1213.3607420402984 7.777220285729659e-16
1213.3674123468707 7.802214907059193e-16
1213.3740826480373 7.827215219096768e-16
1213.3807529437977 7.852220756488334e-16
1213.3874232341523 7.877231052042195e-16
1213.3940935191013 7.902245636728795e-16
1213.4007637986444 7.927264039690504e-16
1213.4074340727816 7.952285788249689e-16
1213.4141043415132 7.977310407915766e-16
1213.4207746048385 8.002337422388551e-16
1213.4274448627584 8.027366353570869e-16
1213.4341151152726 8.05239672156999e-16
1213.4407853623807 8.077428044711109e-16
1213.4474556040834 8.102459839535959e-16
1213.4541258403804 8.127491620820839e-16
1213.4607960712715 8.152522901567748e-16
1213.467466296757 8.177553193029713e-16
1213.4741365168368 8.202582004702787e-16
1213.480806731511 8.227608844341054e-16
1213.4874769407793 8.252633217956846e-16
1213.494147144642 8.277654629835637e-16
1213.5008173430995 8.302672582536104e-16
1213.507487536151 8.327686576896566e-16
1213.5141577237969 8.352696112045959e-16
1213.5208279060373 8.377700685405476e-16
1213.527498082872 8.4026997926975555e-16
1213.5341682543014 8.427692927950969e-16
1213.540838420325 8.452679583505926e-16
1213.547508580943 8.47765925002171e-16
1213.5541787361556 8.502631416480605e-16
1213.5608488859627 8.52759557019717e-16
1213.5675190303643 8.552551196816307e-16
1213.5741891693604 8.57749778032692e-16
1213.580859302951 8.602434803061497e-16
1213.5875294311363 8.627361745705768e-16
1213.594199553916 8.652278087296132e-16
1213.6008696712904 8.677183305232666e-16
1213.6075397832592 8.702076875278002e-16
1213.6142098898226 8.726958271563493e-16
1213.6208799909807 8.751826966596044e-16
1213.6275500867334 8.776682431255518e-16
1213.6342201770806 8.80152413480388e-16
1213.6408902620226 8.826351544887701e-16
1213.6475603415593 8.851164127536695e-16
1213.6542304156906 8.875961347174871e-16
1213.6609004844165 8.900742666615841e-16
1213.6675705477371 8.92550754706878e-16
1213.6742406056526 8.950255448137792e-16
1213.6809106581625 8.974985827829076e-16
1213.6875807052675 8.999698142545063e-16
1213.694250746967 9.024391847092812e-16
1213.7009207832614 9.049066394676482e-16
1213.7075908141503 9.073721236906007e-16
1213.7142608396343 9.098355823792406e-16
1213.720930859713 9.122969603746588e-16
1213.7276008743866 9.147562023583926e-16
1213.734270883655 9.172132528515746e-16
1213.7409408875183 9.196680562154025e-16
1213.7476108859762 9.2212055665047e-16
1213.7542808790292 9.245706981966788e-16
1213.760950866677 9.270184247331145e-16
1213.7676208489197 9.294636799772215e-16
1213.7742908257571 9.319064074849259e-16
1213.7809607971897 9.34346550649799e-16
1213.787630763217 9.367840527025184e-16
1213.7943007238396 9.392188567105426e-16
1213.800970679057 9.416509055769996e-16
1213.8076406288692 9.440801420403192e-16
1213.8143105732765 9.465065086736167e-16
1213.8209805122788 9.489299478832847e-16
1213.827650445876 9.513504019083238e-16
1213.8343203740685 9.537678128194988e-16
1213.840990296856 9.561821225177954e-16
1213.8476602142382 9.585932727335926e-16
1213.8543301262157 9.610012050256605e-16
1213.8610000327883 9.634058607789092e-16
1213.867669933956 9.658071812038307e-16
1213.8743398297188 9.682051073344072e-16
1213.8810097200767 9.705995800267354e-16
1213.8876796050297 9.729905399570845e-16
1213.894349484578 9.753779276203075e-16
1213.9010193587212 9.777616833275029e-16
1213.9076892274597 9.801417472041013e-16
1213.9143590907934 9.825180591879134e-16
1213.9210289487223 9.848905590260871e-16
1213.9276988012464 9.872591862733376e-16
1213.9343686483655 9.896238802891704e-16
1213.94103849008 9.919845802348675e-16
1213.9477083263898 9.943412250709522e-16
1213.954378157295 9.966937535537124e-16
