src/LyA_code/TOI_776_Obs_Package4/pubdata/lya_fit_rescaled_to_g140l_epoch.ecsv
# %ECSV 1.0
# ---
# datatype:
# - {name: w, datatype: float64}
# - {name: y, datatype: float64}
# meta: !!omap
# - best fit parameters: [45.57031728354851, 78.79493148176205, 1.5988582335931167e-13, 760.914847018622, 7.388864277616206e-15, 1.00152028963031,
#     1.7163867189335131, -18.399925848115224, 17.127989793763337, 26.938500076858602, -4.877966481887974]
# schema: astropy-2.0
w y
[from data line 779]
1211.3660778623387 1.9795004760748817e-16
1211.372749785858 1.991526587397639e-16
1211.3794217039679 2.003606620262761e-16
1211.386093616668 2.015740670737006e-16
1211.3927655239581 2.0279288339246158e-16
1211.3994374258384 2.0401712039601462e-16
1211.406109322309 2.0524678739981767e-16
1211.41278121337 2.0648189362043592e-16
1211.4194530990212 2.0772244817437185e-16
1211.4261249792626 2.0896846007753044e-16
1211.4327968540942 2.1021993824391275e-16
1211.4394687235163 2.114768914848524e-16
1211.4461405875286 2.1273932850797866e-16
1211.4528124461312 2.1400725791636185e-16
1211.4594842993245 2.1528068820756807e-16
1211.466156147108 2.1655962777257166e-16
1211.4728279894819 2.1784408489489881e-16
1211.4794998264458 2.1913406774972711e-16
1211.4861716580006 2.204295844028901e-16
1211.4928434841454 2.2173064280987885e-16
1211.499515304881 2.2303725081508483e-16
1211.506187120207 2.243494161505139e-16
1211.5128589301232 2.256671464351229e-16
1211.51953073463 2.2699044917372587e-16
1211.5262025337272 2.2831933175613853e-16
1211.5328743274151 2.2965380145623e-16
1211.5395461156934 2.3099386543082433e-16
1211.5462178985624 2.3233953071889597e-16
1211.5528896760216 2.336908042405213e-16
1211.5595614480715 2.3504769279602525e-16
1211.5662332147122 2.364102030649836e-16
1211.572904975943 2.3777834160522076e-16
1211.5795767317645 2.391521148520111e-16
1211.586248482177 2.405315291169783e-16
1211.5929202271798 2.419165905870956e-16
1211.5995919667732 2.4330730532393744e-16
1211.6062637009572 2.447036792626834e-16
1211.612935429732 2.4610571821096454e-16
1211.6196071530976 2.475134278483262e-16
1211.6262788710537 2.489268137246652e-16
1211.6329505836004 2.5034588125995243e-16
1211.639622290738 2.5177063574287715e-16
1211.646293992466 2.5320108232984665e-16
1211.6529656887851 2.546372260444095e-16
1211.659637379695 2.560790717762125e-16
1211.6663090651955 2.575266242795271e-16
1211.6729807452866 2.589798881730508e-16
1211.6796524199688 2.6043886793870454e-16
1211.6863240892415 2.6190356792042724e-16
1211.6929957531052 2.633739923235587e-16
1211.6996674115596 2.648501452137436e-16
1211.7063390646047 2.6633203051615954e-16
1211.713010712241 2.6781965201436845e-16
1211.719682354468 2.6931301334954613e-16
1211.7263539912858 2.7081211801950077e-16
1211.7330256226946 2.7231696937768776e-16
1211.7396972486943 2.73827570632394e-16
1211.7463688692849 2.7534392484581377e-16
1211.7530404844663 2.768660349328477e-16
1211.7597120942387 2.783939036606821e-16
1211.766383698602 2.7992753364742446e-16
1211.7730552975565 2.8146692736140954e-16
1211.779726891102 2.830120871201708e-16
1211.7863984792384 2.845630150896981e-16
1211.7930700619659 2.861197132832993e-16
1211.799741639284 2.8768218356080455e-16
1211.8064132111936 2.8925042762777416e-16
1211.813084777694 2.9082444703442474e-16
1211.8197563387857 2.924042431746659e-16
1211.8264278944682 2.939898172854924e-16
1211.833099444742 2.955811704457962e-16
1211.8397709896067 2.9717830357570586e-16
1211.8464425290626 2.987812174354022e-16
1211.8531140631096 3.0038991262458145e-16
1211.8597855917478 3.0200438958133365e-16
1211.8664571149773 3.0362464858125934e-16
1211.8731286327975 3.0525068973664776e-16
1211.8798001452092 3.068825129956588e-16
1211.886471652212 3.0852011814151077e-16
1211.8931431538062 3.101635047911865e-16
1211.8998146499914 3.118126723951081e-16
1211.9064861407678 3.134676202359694e-16
1211.9131576261354 3.1512834742781347e-16
1211.9198291060945 3.167948529156013e-16
1211.9265005806449 3.184671354736845e-16
1211.9331720497864 3.201451937055041e-16
1211.9398435135192 3.2182902604255953e-16
1211.9465149718435 3.2351863074362573e-16
1211.953186424759 3.252140058936027e-16
1211.9598578722657 3.2691514940323716e-16
1211.9665293143642 3.2862205900791775e-16
1211.9732007510536 3.3033473226659245e-16
1211.9798721823345 3.3205316656163375e-16
1211.9865436082068 3.337773590973896e-16
1211.9932150286704 3.355073068998695e-16
1211.9998864437257 3.372430068155541e-16
1212.0065578533722 3.389844555105825e-16
1212.0132292576102 3.4073164947013975e-16
1212.0199006564394 3.42484584997785e-16
1212.0265720498603 3.442432582142706e-16
1212.033243437873 3.4600766505694255e-16
1212.0399148204767 3.477778012790828e-16
1212.046586197672 3.4955366244873825e-16
1212.053257569459 3.5133524394859117e-16
1212.0599289358372 3.531225409744719e-16
1212.0666002968076 3.549155485351107e-16
1212.073271652369 3.567142614509153e-16
1212.079943002522 3.585186743538706e-16
1212.0866143472667 3.6032878168606e-16
1212.0932856866032 3.621445776993768e-16
1212.099957020531 3.63966056454651e-16
1212.1066283490504 3.657932118208412e-16
1212.1132996721617 3.676260374744363e-16
1212.1199709898644 3.694645268987284e-16
1212.126642302159 3.713086733828195e-16
1212.1333136090452 3.731584700213088e-16
1212.1399849105228 3.750139097131743e-16
1212.1466562065928 3.7687498516154386e-16
1212.153327497254 3.787416888724474e-16
1212.1599987825068 3.806140131545323e-16
1212.1666700623516 3.8249195011823735e-16
1212.173341336788 3.8437549167517756e-16
1212.1800126058163 3.8626462953719103e-16
1212.1866838694364 3.88159355215941e-16
1212.1933551276484 3.900596600224621e-16
1212.2000263804518 3.9196553506573272e-16
1212.2066976278475 3.938769712529282e-16
1212.2133688698348 3.9579395928821455e-16
1212.2200401064138 3.9771648967210644e-16
1212.226711337585 3.9964455270118304e-16
1212.233382563348 4.0157813846710733e-16
1212.2400537837027 4.03517236856216e-16
1212.2467249986494 4.0546183754883217e-16
1212.2533962081877 4.0741193001858477e-16
1212.2600674123184 4.093675035320924e-16
1212.2667386110409 4.113285471477203e-16
1212.2734098043552 4.1329504971592565e-16
1212.2800809922617 4.152669998777398e-16
1212.28675217476 4.1724438606505743e-16
1212.2934233518506 4.19227196499199e-16
1212.3000945235328 4.212154191910011e-16
1212.3067656898072 4.2320904194011746e-16
1212.3134368506735 4.2520805233425097e-16
1212.320108006132 4.272124377487597e-16
1212.3267791561825 4.2922218534634194e-16
1212.3334503008252 4.312372820759976e-16
1212.3401214400599 4.332577146728726e-16
1212.3467925738864 4.3528346965782573e-16
1212.3534637023054 4.3731453333662493e-16
1212.3601348253164 4.3935089179975e-16
1212.3668059429197 4.413925309216019e-16
1212.3734770551148 4.434394363600971e-16
1212.3801481619023 4.454915935566427e-16
1212.386819263282 4.475489877349192e-16
1212.3934903592537 4.496116039008706e-16
1212.4001614498177 4.516794268423323e-16
1212.406832534974 4.537524411282823e-16
1212.4135036147225 4.55830631108558e-16
1212.4201746890633 4.579139809136584e-16
1212.426845757996 4.600024744537123e-16
1212.4335168215214 4.620960954189096e-16
1212.4401878796389 4.641948272780998e-16
1212.4468589323487 4.662986532794741e-16
1212.4535299796507 4.684075564492519e-16
1212.4602010215451 4.705215195917666e-16
1212.466872058032 4.726405252892499e-16
1212.4735430891112 4.747645559009256e-16
1212.4802141147827 4.76893593563123e-16
1212.4868851350464 4.790276201887752e-16
1212.4935561499026 4.811666174670033e-16
1212.5002271593512 4.833105668630249e-16
1212.5068981633922 4.854594496175185e-16
1212.5135691620258 4.876132467465484e-16
1212.5202401552515 4.897719390410258e-16
1212.52691114307 4.919355070669679e-16
1212.5335821254807 4.941039311643425e-16
1212.540253102484 4.962771914475829e-16
1212.54692407408 4.98455267804926e-16
1212.5535950402682 5.006381398980701e-16
1212.5602660010488 5.028257871623271e-16
1212.5669369564223 5.05018188806061e-16
1212.5736079063884 5.072153238105362e-16
1212.5802788509468 5.094171709295319e-16
1212.5869497900976 5.116237086895337e-16
1212.5936207238412 5.138349153890422e-16
1212.6002916521775 5.160507690991101e-16
1212.606962575106 5.182712476618505e-16
1212.6136334926277 5.204963286918933e-16
1212.6203044047418 5.227259895749907e-16
1212.6269753114484 5.249602074681852e-16
1212.6336462127479 5.271989592999882e-16
1212.64031710864 5.294422217698302e-16
1212.6469879991246 5.316899713482599e-16
1212.653658884202 5.33942184276573e-16
1212.6603297638721 5.361988365664529e-16
1212.667000638135 5.384599040007805e-16
1212.6736715069906 5.4072536213271e-16
1212.6803423704391 5.429951862856709e-16
1212.6870132284803 5.452693515537904e-16
1212.693684081114 5.475478328009959e-16
1212.7003549283409 5.498306046621307e-16
1212.7070257701603 5.52117641541653e-16
1212.7136966065725 5.544089176143531e-16
1212.7203674375778 5.567044068254974e-16
1212.727038263176 5.590040828899703e-16
1212.7337090833669 5.61307919293023e-16
1212.7403798981504 5.636158892901129e-16
1212.747050707527 5.659279659065723e-16
1212.7537215114965 5.682441219381426e-16
1212.7603923100592 5.705643299507518e-16
1212.7670631032145 5.728885622802132e-16
1212.7737338909626 5.75216791032875e-16
1212.7804046733038 5.775489880855112e-16
1212.787075450238 5.798851250852217e-16
1212.7937462217653 5.822251734495121e-16
1212.8004169878855 5.845691043664703e-16
1212.8070877485989 5.869168887950388e-16
1212.813758503905 5.892684974646944e-16
1212.8204292538041 5.916239008761723e-16
1212.8270999982965 5.939830693009036e-16
1212.8337707373817 5.963459727816746e-16
1212.84044147106 5.987125811326897e-16
1212.8471121993316 6.010828639393827e-16
1212.8537829221962 6.03456790559019e-16
1212.860453639654 6.058343301207904e-16
1212.8671243517047 6.08215451525651e-16
1212.8737950583486 6.106001234471292e-16
1212.8804657595858 6.129883143307466e-16
1212.8871364554159 6.153799923951122e-16
1212.8938071458394 6.177751256313601e-16
1212.900477830856 6.201736818039131e-16
1212.9071485104657 6.225756284505535e-16
1212.913819184669 6.249809328827688e-16
1212.9204898534651 6.273895621856622e-16
1212.9271605168544 6.298014832186712e-16
1212.9338311748372 6.322166626156757e-16
1212.9405018274133 6.346350667853812e-16
1212.9471724745824 6.370566619111786e-16
1212.953843116345 6.394814139521694e-16
1212.960513752701 6.419092886431325e-16
1212.9671843836502 6.443402514945002e-16
1212.9738550091927 6.467742677935936e-16
1212.9805256293287 6.492113026038998e-16
1212.9871962440577 6.516513207663277e-16
1212.9938668533805 6.540942868990407e-16
1213.0005374572963 6.565401653981053e-16
1213.0072080558057 6.589889204377889e-16
1213.0138786489085 6.614405159709567e-16
1213.0205492366047 6.638949157293885e-16
1213.0272198188943 6.663520832243756e-16
1213.0338903957775 6.688119817470519e-16
1213.0405609672541 6.712745743687406e-16
1213.0472315333243 6.737398239415741e-16
1213.0539020939875 6.762076930987645e-16
1213.0605726492447 6.786781442554281e-16
1213.0672431990952 6.811511396084152e-16
1213.0739137435392 6.836266411372419e-16
1213.080584282577 6.861046106047601e-16
1213.087254816208 6.885850095569176e-16
1213.0939253444328 6.910677993241756e-16
1213.100595867251 6.935529410211959e-16
1213.107266384663 6.960403955479997e-16
1213.1139368966687 6.985301235901278e-16
1213.1206074032675 7.0102208561899e-16
1213.1272779044605 7.035162418932351e-16
1213.133948400247 7.060125524582902e-16
1213.140618890627 7.085109771475593e-16
1213.1472893756006 7.110114755828089e-16
1213.1539598551683 7.135140071747365e-16
1213.1606303293293 7.160185311232759e-16
1213.1673007980842 7.185250064191053e-16
1213.1739712614326 7.210333918428589e-16
1213.180641719375 7.235436459671107e-16
1213.1873121719111 7.260557271557835e-16
1213.193982619041 7.28569593565686e-16
1213.2006530607646 7.310852031465792e-16
1213.207323497082 7.336025136420823e-16
1213.2139939279932 7.361214825903053e-16
1213.220664353498 7.386420673240253e-16
1213.2273347735968 7.411642249721672e-16
1213.2340051882898 7.436879124597124e-16
1213.2406755975762 7.462130865087264e-16
1213.2473460014567 7.487397036388362e-16
1213.2540163999308 7.512677201680821e-16
1213.2606867929992 7.53797092213499e-16
1213.2673571806613 7.563277756916997e-16
1213.2740275629174 7.588597263198358e-16
1213.2806979397672 7.613928996158175e-16
1213.2873683112111 7.639272508995655e-16
1213.2940386772489 7.664627352932373e-16
1213.3007090378808 7.689993077222056e-16
1213.3073793931067 7.71536922915669e-16
1213.3140497429263 7.740755354072581e-16
1213.32072008734 7.766150995360309e-16
1213.3273904263483 7.791555694468056e-16
1213.3340607599503 7.816968990910592e-16
1213.340731088146 7.842390422277428e-16
1213.347401410936 7.867819524239002e-16
1213.3540717283202 7.893255830553899e-16
1213.3607420402984 7.9186988730751065e-16
1213.3674123468707 7.944148181759122e-16
1213.3740826480373 7.96960328467317e-16
1213.3807529437977 7.995063707997756e-16
1213.3874232341523 8.020528976042308e-16
1213.3940935191013 8.045998611244963e-16
1213.4007637986444 8.0714721341825275e-16
1213.4074340727816 8.096949063578696e-16
1213.4141043415132 8.122428916311234e-16
1213.4207746048385 8.147911207415385e-16
1213.4274448627584 8.173395450096715e-16
1213.4341151152726 8.198881155732569e-16
1213.4407853623807 8.224367833885798e-16
1213.4474556040834 8.249854992303349e-16
1213.4541258403804 8.275342136934619e-16
1213.4607960712715 8.300828771922429e-16
1213.467466296757 8.326314399628808e-16
1213.4741365168368 8.351798520626852e-16
1213.480806731511 8.377280633716e-16
1213.4874769407793 8.402760235922251e-16
1213.494147144642 8.428236822513336e-16
1213.5008173430995 8.453709886998772e-16
1213.507487536151 8.479178921136425e-16
1213.5141577237969 8.504643414943681e-16
1213.5208279060373 8.530102856699117e-16
1213.527498082872 8.555556732951653e-16
1213.5341682543014 8.581004528525731e-16
1213.540838420325 8.606445726526515e-16
1213.547508580943 8.631879808347661e-16
1213.5541787361556 8.657306253675323e-16
1213.5608488859627 8.682724540497591e-16
1213.5675190303643 8.708134145102524e-16
1213.5741891693604 8.733534542092054e-16
1213.580859302951 8.758925204381572e-16
1213.5875294311363 8.784305603209746e-16
1213.594199553916 8.809675208135918e-16
1213.6008696712904 8.835033487053335e-16
1213.6075397832592 8.860379906188012e-16
1213.6142098898226 8.885713930105012e-16
1213.6208799909807 8.911035021715398e-16
1213.6275500867334 8.936342642273592e-16
1213.6342201770806 8.961636251386686e-16
1213.6408902620226 8.986915307016996e-16
1213.6475603415593 9.012179265480562e-16
1213.6542304156906 9.03742758145851e-16
1213.6609004844165 9.062659707992279e-16
1213.6675705477371 9.087875096489677e-16
1213.6742406056526 9.11307319672425e-16
1213.6809106581625 9.138253456842561e-16
1213.6875807052675 9.163415323358242e-16
1213.694250746967 9.18855824116052e-16
1213.7009207832614 9.21368165350657e-16
1213.7075908141503 9.238785002030337e-16
1213.7142608396343 9.263867726737766e-16
1213.720930859713 9.288929266005588e-16
1213.7276008743866 9.313969056585962e-16
1213.734270883655 9.338986533597831e-16
1213.7409408875183 9.363981130531691e-16
1213.7476108859762 9.38895227924278e-16
1213.7542808790292 9.413899409950186e-16
1213.760950866677 9.438821951235578e-16
1213.7676208489197 9.463719330034815e-16
1213.7742908257571 9.488590971639182e-16
1213.7809607971897 9.513436299686889e-16
1213.787630763217 9.53825473615757e-16
1213.7943007238396 9.563045701368979e-16
1213.800970679057 9.587808613965674e-16
1213.8076406288692 9.612542890915267e-16
1213.8143105732765 9.637247947502148e-16
1213.8209805122788 9.661923197313158e-16
1213.827650445876 9.686568052230765e-16
1213.8343203740685 9.711181922424472e-16
1213.840990296856 9.735764216335106e-16
1213.8476602142382 9.760314340666394e-16
1213.8543301262157 9.784831700374755e-16
1213.8610000327883 9.809315698646378e-16
1213.867669933956 9.833765736891546e-16
1213.8743398297188 9.85818121472333e-16
1213.8810097200767 9.88256152994359e-16
1213.8876796050297 9.906906078523195e-16
1213.894349484578 9.93121425458585e-16
1213.9010193587212 9.95548545038429e-16
1213.9076892274597 9.979719056280794e-16
1213.9143590907934 1.000391446072731e-15
1213.9210289487223 1.0028071050234475e-15
1213.9276988012464 1.0052188209353593e-15
1213.9343686483655 1.0076265320648357e-15
1213.94103849008 1.0100301764664174e-15
1213.9477083263898 1.012429691990233e-15
1213.954378157295 1.0148250162784614e-15
1213.9610479827952 1.0172160867625268e-15
1213.9677178028908 1.0196028406595064e-15
