src/LyA_code/TOI_776_Obs_Package4/pubdata/lya_fit_rescaled_to_g140l_epoch.ecsv
# %ECSV 1.0
# ---
# datatype:
# - {name: w, datatype: float64}
# - {name: y, datatype: float64}
# meta: !!omap
# - best fit parameters: [45.57031728354851, 78.79493148176205, 1.5988582335931167e-13, 760.914847018622, 7.388864277616206e-15, 1.00152028963031,
#     1.7163867189335131, -18.399925848115224, 17.127989793763337, 26.938500076858602, -4.877966481887974]
# schema: astropy-2.0
w y
[from data line 390]
1208.7702891226008 9.077264434913738e-18
1208.776963151531 9.166450652724961e-18
1208.783637175046 9.256425570225202e-18
1208.7903111931462 9.347195199688026e-18
1208.7969852058313 9.438765589398502e-18
1208.8036592131018 9.531142823769826e-18
1208.8103332149574 9.624333023486618e-18
1208.817007211398 9.718342345586587e-18
1208.823681202424 9.813176983609495e-18
1208.8303551880351 9.908843167711868e-18
1208.8370291682313 1.0005347164756167e-17
1208.8437031430128 1.010269527847653e-17
1208.8503771123794 1.0200893849541904e-17
1208.8570510763311 1.0299949255710242e-17
1208.8637250348684 1.0399867911925473e-17
1208.870398987991 1.0500656270435066e-17
1208.8770729356984 1.0602320820892065e-17
1208.8837468779914 1.0704868090501096e-17
1208.8904208148697 1.0808304644093394e-17
1208.897094746333 1.0912637084252496e-17
1208.9037686723823 1.101787205143239e-17
1208.9104425930163 1.1124016224048222e-17
1208.917116508236 1.1231076318608134e-17
1208.9237904180409 1.1339059089806075e-17
1208.9304643224311 1.144797133062909e-17
1208.937138221407 1.15578198724756e-17
1208.9438121149678 1.1668611585245377e-17
1208.9504860031145 1.1780353377456384e-17
1208.9571598858463 1.1893052196340597e-17
1208.9638337631636 1.2006715027955435e-17
1208.9705076350665 1.2121348897286267e-17
1208.977181501555 1.2236960868335329e-17
1208.9838553626287 1.2353558044234501e-17
1208.990529218288 1.2471147567336747e-17
1208.9972030685326 1.25897366193231e-17
1209.003876913363 1.2709332421305006e-17
1209.0105507527787 1.2829942233886158e-17
1209.0172245867802 1.2951573357314976e-17
1209.0238984153673 1.30742331315314e-17
1209.03057223854 1.3197928936273435e-17
1209.0372460562978 1.3322668191192658e-17
1209.0439198686415 1.3448458355909793e-17
1209.0505936755708 1.3575306930141742e-17
1209.0572674770858 1.3703221453754719e-17
1209.0639412731864 1.3832209506880066e-17
1209.0706150638725 1.3962278709997608e-17
1209.0772888491445 1.4093436724007526e-17
1209.083962629002 1.422569125032013e-17
1209.0906364034452 1.435905003096914e-17
1209.0973101724742 1.4493520848646144e-17
1209.103983936089 1.462911152681627e-17
1209.1106576942893 1.4765829929788976e-17
1209.1173314470755 1.4903683962797465e-17
1209.1240051944474 1.5042681572066782e-17
1209.130678936405 1.5182830744931078e-17
1209.1373526729485 1.5324139509827902e-17
1209.1440264040777 1.5466615936474802e-17
1209.1507001297928 1.5610268135870864e-17
1209.1573738500938 1.5755104260372976e-17
1209.1640475649806 1.5901132503808463e-17
1209.1707212744532 1.604836110149675e-17
1209.1773949785115 1.6196798330354342e-17
1209.1840686771557 1.6346452508940137e-17
1209.190742370386 1.6497331997520153e-17
1209.1974160582022 1.664944519814771e-17
1209.2040897406043 1.6802800554698058e-17
1209.210763417592 1.695740655296245e-17
1209.217437089166 1.711327172067981e-17
1209.224110755326 1.7270404627622936e-17
1209.2307844160716 1.742881388560903e-17
1209.2374580714034 1.7588508148606308e-17
1209.2441317213213 1.774949611275305e-17
1209.250805365825 1.791178651643264e-17
1209.2574790049148 1.8075388140300577e-17
1209.2641526385905 1.8240309807356865e-17
1209.2708262668523 1.840656038295721e-17
1209.2774998897005 1.857414877492537e-17
1209.2841735071345 1.8743083933505637e-17
1209.2908471191545 1.891337485149113e-17
1209.2975207257607 1.908503056420264e-17
1209.304194326953 1.9258060149571493e-17
1209.3108679227314 1.9432472728151773e-17
1209.317541513096 1.9608277463162413e-17
1209.3242150980468 1.97854835605082e-17
1209.3308886775835 1.996410026884408e-17
1209.3375622517067 2.0144136879580197e-17
1209.3442358204159 2.0325602726910248e-17
1209.3509093837113 2.0508507187851546e-17
1209.357582941593 2.0692859682277322e-17
1209.3642564940608 2.0878669672885898e-17
1209.3709300411151 2.1065946665309905e-17
1209.3776035827552 2.125470020804783e-17
1209.384277118982 2.1444939892556844e-17
1209.390950649795 2.1636675353220778e-17
1209.397624175194 2.182991626735637e-17
1209.4042976951796 2.202467235528904e-17
1209.4109712097516 2.222095338028498e-17
1209.41764471891 2.2418769148609033e-17
1209.4243182226542 2.2618129509509233e-17
1209.430991720985 2.281904435524288e-17
1209.4376652139024 2.3021523621064357e-17
1209.4443387014062 2.3225577285195192e-17
1209.451012183496 2.3431215368881296e-17
1209.4576856601727 2.3638447936359882e-17
1209.4643591314355 2.3847285094829987e-17
1209.4710325972849 2.405773699448225e-17
1209.4777060577208 2.42698138284814e-17
1209.4843795127429 2.44835258329224e-17
1209.491052962352 2.4698883286870533e-17
1209.497726406547 2.4915896512273805e-17
1209.5043998453289 2.5134575874039034e-17
1209.5110732786968 2.535493177987498e-17
1209.5177467066517 2.557697468043712e-17
1209.524420129193 2.5800715069140964e-17
1209.531093546321 2.6026163482263738e-17
1209.5377669580353 2.6253330498807933e-17
1209.5444403643364 2.648222674055915e-17
1209.551113765224 2.671286287199368e-17
1209.5577871606981 2.6945249600223373e-17
1209.5644605507591 2.7179397675058144e-17
1209.5711339354066 2.7415317888836368e-17
1209.5778073146407 2.7653021076483383e-17
1209.5844806884616 2.7892518115395475e-17
1209.591154056869 2.813381992541683e-17
1209.5978274198633 2.8376937468796275e-17
1209.6045007774442 2.8621881750125e-17
1209.6111741296118 2.886866381629757e-17
1209.617847476366 2.9117294756371796e-17
1209.624520817707 2.9367785701642405e-17
1209.631194153635 2.9620147825477753e-17
1209.6378674841494 2.987439234326148e-17
1209.6445408092509 3.0130530512378876e-17
1209.651214128939 3.038857363206109e-17
1209.6578874432141 3.064853304341412e-17
1209.6645607520759 3.091042012922798e-17
1209.6712340555246 3.1174246313992183e-17
1209.67790735356 3.144002306376544e-17
1209.6845806461822 3.1707761886100565e-17
1209.6912539333914 3.1977474329936385e-17
1209.6979272151875 3.224917198556652e-17
1209.7046004915703 3.2522866484457305e-17
1209.7112737625405 3.279856949927116e-17
1209.7179470280971 3.3076292743617604e-17
1209.7246202882409 3.335604797209245e-17
1209.7312935429718 3.363784698007229e-17
1209.7379667922894 3.392170160367859e-17
1209.744640036194 3.420762371961651e-17
1209.7513132746856 3.4495625245092826e-17
1209.7579865077644 3.4785718137711305e-17
1209.76465973543 3.5077914395268876e-17
1209.7713329576825 3.537222605576155e-17
1209.7780061745223 3.5668665197164125e-17
1209.784679385949 3.596724393735662e-17
1209.791352591963 3.626797443395039e-17
1209.7980257925637 3.657086888417613e-17
1209.804698987752 3.68759395247701e-17
1209.8113721775271 3.718319863177888e-17
1209.8180453618893 3.749265852049554e-17
1209.8247185408386 3.78043315452356e-17
1209.8313917143753 3.811823009922181e-17
1209.8380648824989 3.843436661444438e-17
1209.8447380452099 3.8752753561506326e-17
1209.851411202508 3.907340344943117e-17
1209.8580843543932 3.939632882553655e-17
1209.8647575008656 3.972154227523466e-17
1209.8714306419256 4.004905642194855e-17
1209.8781037775723 4.0378883926798434e-17
1209.8847769078066 4.07110374886079e-17
1209.8914500326282 4.104552984353427e-17
1209.8981231520368 4.138237376504563e-17
1209.904796266033 4.172158206367767e-17
1209.9114693746162 4.206316758682183e-17
1209.918142477787 4.2407143218560147e-17
1209.924815575545 4.275352187949723e-17
1209.9314886678903 4.3102316526513924e-17
1209.9381617548229 4.345354015260507e-17
1209.944834836343 4.3807205786650863e-17
1209.9515079124503 4.4163326493249616e-17
1209.9581809831454 4.452191537248206e-17
1209.9648540484275 4.488298555963223e-17
1209.971527108297 4.5246550225115444e-17
1209.9782001627545 4.5612622574166625e-17
1209.984873211799 4.598121584657644e-17
1209.991546255431 4.635234331658469e-17
1209.9982192936507 4.6726018292542826e-17
1210.0048923264576 4.7102254116720405e-17
1210.0115653538521 4.7481064165095314e-17
1210.018238375834 4.7862461847058125e-17
1210.0249113924037 4.824646060522326e-17
1210.0315844035606 4.8633073915097016e-17
1210.0382574093053 4.902231528496729e-17
1210.0449304096376 4.941419825549307e-17
1210.0516034045575 4.980873639954537e-17
1210.0582763940647 5.020594332191657e-17
1210.0649493781598 5.060583265905507e-17
1210.0716223568425 5.1008418078781265e-17
1210.0782953301127 5.1413713280043884e-17
1210.0849682979706 5.1821731992628953e-17
1210.091641260416 5.223248797687987e-17
1210.0983142174493 5.2645995023413536e-17
1210.1049871690702 5.3062266952817416e-17
1210.111660115279 5.348131761538905e-17
1210.1183330560752 5.390316089082569e-17
1210.1250059914594 5.4327810687926405e-17
1210.131678921431 5.475528094427359e-17
1210.1383518459907 5.518558562595813e-17
1210.1450247651378 5.561873872723882e-17
1210.1516976788732 5.605475427029172e-17
1210.158370587196 5.649364630478207e-17
1210.1650434901064 5.693542890763837e-17
1210.171716387605 5.73801161827124e-17
1210.1783892796914 5.782772226038508e-17
1210.1850621663657 5.827826129733197e-17
1210.1917350476276 5.873174747610529e-17
1210.1984079234776 5.918819500484291e-17
1210.2050807939154 5.964761811690848e-17
1210.2117536589412 6.011003107054298e-17
1210.2184265185547 6.057544814847954e-17
1210.2250993727562 6.104388365768977e-17
1210.2317722215455 6.15153519289054e-17
1210.2384450649229 6.198986731632298e-17
1210.2451179028883 6.24674441972025e-17
1210.2517907354418 6.294809697154821e-17
1210.258463562583 6.343184006164637e-17
1210.2651363843124 6.391868791179172e-17
1210.2718092006296 6.440865498783444e-17
1210.2784820115353 6.490175577681064e-17
1210.2851548170286 6.539800478651579e-17
1210.29182761711 6.589741654519976e-17
1210.2985004117795 6.640000560107849e-17
1210.3051732010372 6.690578652202234e-17
1210.311845984883 6.741477389500212e-17
1210.3185187633167 6.792698232584499e-17
1210.3251915363385 6.844242643870817e-17
1210.3318643039486 6.896112087573596e-17
1210.338537066147 6.948308029658048e-17
1210.3452098229332 7.000831937795542e-17
1210.3518825743079 7.053685281332061e-17
1210.3585553202706 7.106869531227417e-17
1210.3652280608214 7.160386160030725e-17
1210.3719007959605 7.21423664182062e-17
1210.378573525688 7.268422452166419e-17
1210.3852462500035 7.322945068088966e-17
1210.3919189689075 7.377805968001343e-17
1210.3985916823995 7.433006631672788e-17
1210.40526439048 7.488548540186607e-17
1210.4119370931485 7.544433175879283e-17
1210.4186097904055 7.600662022307594e-17
1210.425282482251 7.657236564190865e-17
1210.4319551686845 7.714158287369285e-17
1210.4386278497066 7.771428678751361e-17
1210.4453005253167 7.82904922627154e-17
1210.4519731955156 7.887021418832684e-17
1210.4586458603026 7.945346746262798e-17
1210.465318519678 8.004026699262997e-17
1210.4719911736418 8.063062769355054e-17
1210.4786638221942 8.122456448839197e-17
1210.485336465335 8.182209230723466e-17
1210.4920091030642 8.242322608698188e-17
1210.4986817353818 8.302798077066687e-17
1210.505354362288 8.36363713069713e-17
1210.5120269837826 8.424841264965309e-17
1210.5186995998656 8.486411975712596e-17
1210.5253722105374 8.548350759183421e-17
1210.5320448157975 8.610659111973469e-17
1210.538717415646 8.673338530970619e-17
1210.5453900100836 8.736390513311636e-17
1210.5520625991091 8.79981655631772e-17
1210.5587351827237 8.863618157441171e-17
1210.5654077609265 8.927796814204641e-17
1210.5720803337183 8.992354024161108e-17
1210.5787529010984 9.057291284806311e-17
1210.5854254630672 9.12261009356177e-17
1210.5920980196247 9.188311947681503e-17
1210.598770570771 9.25439834421295e-17
1210.6054431165055 9.320870779931261e-17
1210.612115656829 9.387730751290246e-17
1210.6187881917413 9.454979754343414e-17
1210.6254607212422 9.522619284708846e-17
1210.6321332453317 9.590650837486933e-17
1210.6388057640102 9.659075907219702e-17
1210.645478277277 9.727895987804894e-17
1210.652150785133 9.797112572467302e-17
1210.6588232875777 9.86672715366946e-17
1210.6654957846113 9.936741223062043e-17
1210.6721682762336 1.0007156271416318e-16
1210.6788407624445 1.0077973788566361e-16
1210.6855132432445 1.0149195263345847e-16
1210.692185718633 1.0220822183511194e-16
1210.6988581886105 1.029285603570112e-16
1210.7055306531772 1.0365298305353789e-16
1210.7122031123324 1.0438150476641845e-16
1210.7188755660768 1.0511414032423142e-16
1210.72554801441 1.0585090454148242e-16
1210.732220457332 1.0659181221832123e-16
1210.7388928948428 1.073368781394722e-16
1210.7455653269428 1.0808611707386354e-16
1210.7522377536316 1.0883954377381966e-16
1210.7589101749095 1.0959717297435663e-16
1210.7655825907764 1.103590193926971e-16
1210.7722550012322 1.1112509772722363e-16
1210.778927406277 1.11895422657267e-16
1210.7855998059108 1.1267000884202263e-16
1210.792272200134 1.1344887091996668e-16
1210.798944588946 1.1423202350827072e-16
1210.805616972347 1.1501948120198649e-16
1210.812289350337 1.158112585733085e-16
1210.8189617229164 1.1660737017103862e-16
1210.8256340900846 1.1740783051966896e-16
1210.832306451842 1.1821265411875048e-16
1210.8389788081886 1.1902185544220194e-16
1210.8456511591241 1.198354489375849e-16
1210.8523235046491 1.206534490252561e-16
1210.858995844763 1.2147587009781336e-16
1210.8656681794662 1.223027265192114e-16
1210.8723405087587 1.2313403262414137e-16
1210.8790128326405 1.2396980271713636e-16
1210.8856851511114 1.248100510720077e-16
1210.8923574641713 1.256547919309412e-16
1210.8990297718206 1.2650403950383585e-16
1210.9057020740593 1.2735780796751562e-16
1210.9123743708872 1.2821611146496832e-16
1210.919046662304 1.2907896410451834e-16
1210.9257189483105 1.2994637995924802e-16
1210.9323912289062 1.3081837306600533e-16
1210.9390635040916 1.3169495742475576e-16
1210.9457357738659 1.3257614699773993e-16
1210.9524080382296 1.3346195570875686e-16
1210.9590802971827 1.3435239744234703e-16
1210.9657525507253 1.352474860430035e-16
1210.9724247988572 1.3614723531434883e-16
1210.9790970415786 1.3705165901840435e-16
1210.9857692788894 1.3796077087476087e-16
1210.9924415107896 1.388745845597762e-16
1210.999113737279 1.3979311370573803e-16
1211.0057859583583 1.4071637190015686e-16
1211.0124581740267 1.4164437268478477e-16
1211.0191303842848 1.4257712955497323e-16
1211.0258025891324 1.4351465595885495e-16
1211.0324747885695 1.444569652963192e-16
1211.0391469825959 1.4540407091832354e-16
1211.045819171212 1.4635598612627807e-16
1211.0524913544177 1.473127241707283e-16
1211.059163532213 1.4827429825101122e-16
1211.065835704598 1.4924072151410529e-16
1211.0725078715723 1.502120070538971e-16
1211.0791800331363 1.511881679104114e-16
1211.0858521892899 1.5216921706882547e-16
1211.092524340033 1.5315516745869264e-16
1211.099196485366 1.5414603195320153e-16
1211.1058686252886 1.5514182336810796e-16
1211.1125407598006 1.561425544609126e-16
1211.1192128889024 1.5714823793029746e-16
1211.1258850125942 1.5815888641490008e-16
1211.1325571308755 1.5917451249263207e-16
1211.1392292437465 1.6019512867970306e-16
1211.1459013512072 1.6122074742993774e-16
1211.152573453258 1.6225138113375718e-16
1211.1592455498978 1.6328704211730314e-16
1211.165917641128 1.643277426416774e-16
1211.1725897269478 1.6537349490187206e-16
1211.1792618073575 1.664243110261567e-16
1211.185933882357 1.6748020307484913e-16
1211.192605951946 1.685411830398159e-16
1211.1992780161252 1.6960726284327475e-16
1211.2059500748942 1.7067845433705897e-16
1211.2126221282529 1.717547693016089e-16
1211.2192941762016 1.728362194453115e-16
1211.2259662187403 1.7392281640336995e-16
1211.2326382558688 1.7501457173686067e-16
1211.2393102875872 1.7611149693215346e-16
1211.2459823138956 1.7721360339972904e-16
1211.2526543347938 1.7832090247327163e-16
1211.259326350282 1.794334054089244e-16
1211.2659983603603 1.8055112338438142e-16
1211.2726703650283 1.8167406749769032e-16
1211.2793423642865 1.8280224876670726e-16
1211.2860143581347 1.8393567812797874e-16
1211.292686346573 1.8507436643586502e-16
1211.2993583296013 1.8621832446153834e-16
1211.3060303072195 1.8736756289227296e-16
1211.312702279428 1.8852209233039715e-16
1211.3193742462263 1.896819232921598e-16
1211.326046207615 1.9084706620739793e-16
1211.3327181635934 1.9201753141775976e-16
1211.3393901141624 1.9319332917671716e-16
1211.3460620593212 1.9437446964777822e-16
1211.35273399907 1.9556096290415937e-16
