src/LyA_code/TOI_776_Obs_Package4/pubdata/lya_fit_rescaled_to_g140l_epoch.ecsv
# %ECSV 1.0
# ---
# datatype:
# - {name: w, datatype: float64}
# - {name: y, datatype: float64}
# meta: !!omap
# - best fit parameters: [45.57031728354851, 78.79493148176205, 1.5988582335931167e-13, 760.914847018622, 7.388864277616206e-15, 1.00152028963031,
#     1.7163867189335131, -18.399925848115224, 17.127989793763337, 26.938500076858602, -4.877966481887974]
# schema: astropy-2.0
w y
[from data line 1578]
1216.695221214657 1.2301147192910672e-15
1216.7018888199266 1.2274251169117533e-15
1216.7085564197967 1.22483844674449e-15
1216.7152240142675 1.2223417553162146e-15
1216.7218916033391 1.219923515974896e-15
1216.7285591870116 1.2175734829704371e-15
1216.7352267652848 1.215282559158542e-15
1216.7418943381583 1.2130426762092242e-15
1216.748561905633 1.210846686278142e-15
1216.7552294677082 1.2086882641679985e-15
1216.7618970243846 1.2065618190738656e-15
1216.7685645756615 1.2044624150756579e-15
1216.7752321215391 1.202385699596222e-15
1216.7818996620178 1.200327839108641e-15
1216.788567197097 1.1982854614274036e-15
1216.7952347267774 1.196255603971345e-15
1216.8019022510587 1.1942356674379506e-15
1216.8085697699405 1.1922233743706746e-15
1216.8152372834236 1.190216732147511e-15
1216.8219047915074 1.188213999957789e-15
1216.828572294192 1.1862136593713658e-15
1216.8352397914775 1.1842143881411514e-15
1216.8419072833644 1.1822150369095534e-15
1216.848574769852 1.1802146085215842e-15
1216.8552422509406 1.1782122396737526e-15
1216.86190972663 1.1762071846533928e-15
1216.8685771969206 1.1741988009466886e-15
1216.8752446618118 1.1721865365155147e-15
1216.8819121213046 1.1701699185613357e-15
1216.8885795753984 1.1681485436142222e-15
1216.895247024093 1.1661220687998342e-15
1216.9019144673887 1.1640902041533368e-15
1216.9085819052852 1.1620527058620797e-15
1216.9152493377833 1.16000937033065e-15
1216.921916764882 1.157960028975437e-15
1216.9285841865822 1.1559045436621048e-15
1216.9352516028835 1.1538428027123003e-15
1216.9419190137858 1.1517747174117962e-15
1216.9485864192893 1.1497002189601956e-15
1216.955253819394 1.1476192558095052e-15
1216.9619212141 1.1455317913447323e-15
1216.9685886034072 1.1434378018633028e-15
1216.9752559873152 1.1413372748189115e-15
1216.981923365825 1.1392302072940512e-15
1216.9885907389357 1.1371166046758271e-15
1216.9952581066475 1.1349964795062586e-15
1217.0019254689607 1.1328698504867341e-15
1217.0085928258754 1.1307367416173967e-15
1217.0152601773912 1.1285971814517198e-15
1217.0219275235083 1.1264512024534574e-15
1217.0285948642265 1.1242988404420443e-15
1217.0352621995464 1.1221401341133642e-15
1217.0419295294673 1.119975124628658e-15
1217.04859685399 1.1178038552591706e-15
1217.0552641731138 1.1156263710819007e-15
1217.0619314868388 1.113442718717211e-15
1217.0685987951656 1.1112529461048491e-15
1217.0752660980936 1.1090571023103421e-15
1217.0819333956229 1.1068552373609227e-15
1217.0886006877536 1.104647402103047e-15
1217.095267974486 1.102433648082115e-15
1217.1019352558196 1.1002140274387975e-15
1217.1086025317547 1.0979885928200543e-15
1217.1152698022916 1.0957573973044323e-15
1217.1219370674296 1.0935204943367275e-15
1217.1286043271696 1.0912779376729838e-15
1217.1352715815108 1.0890297813336243e-15
1217.1419388304535 1.0867760795631233e-15
1217.1486060739976 1.084516886795287e-15
1217.1552733121437 1.0822522576241014e-15
1217.161940544891 1.0799822467789224e-15
1217.1686077722402 1.077706909102261e-15
1217.1752749941907 1.0754262995317226e-15
1217.1819422107428 1.0731404730842241e-15
1217.1886094218967 1.0708494848418112e-15
1217.1952766276524 1.0685533899405364e-15
1217.2019438280095 1.0662522435598115e-15
1217.2086110229682 1.0639461009134372e-15
1217.2152782125288 1.0616350172421032e-15
1217.221945396691 1.0593190478065801e-15
1217.228612575455 1.0569982478816414e-15
1217.2352797488204 1.054672672750735e-15
1217.241946916788 1.0523423777009767e-15
1217.248614079357 1.0500074180194789e-15
1217.255281236528 1.047667848988969e-15
1217.2619483883007 1.0453237258845218e-15
1217.268615534675 1.0429751039700588e-15
1217.2752826756512 1.0406220384956925e-15
1217.2819498112292 1.038264584694759e-15
1217.288616941409 1.0359027977811861e-15
1217.2952840661908 1.0335367329466574e-15
1217.3019511855744 1.0311664453591254e-15
1217.3086182995598 1.0287919901598427e-15
1217.315285408147 1.0264134224612748e-15
1217.3219525113363 1.0240307973449873e-15
1217.3286196091274 1.021644169859778e-15
1217.3352867015205 1.0192535950198624e-15
1217.3419537885154 1.0168591278022093e-15
1217.3486208701122 1.014460823145427e-15
1217.355287946311 1.0120587359473511e-15
1217.361955017112 1.009652921063185e-15
1217.3686220825148 1.0072434333044767e-15
1217.3752891425193 1.0048303274358756e-15
1217.381956197126 1.0024136581747764e-15
1217.388623246335 9.999934801885508e-16
1217.395290290146 9.97569848093332e-16
1217.4019573285589 9.95142816451991e-16
1217.4086243615739 9.927124397725788e-16
1217.4152913891908 9.902787725064227e-16
1217.4219584114098 9.878418690465862e-16
1217.428625428231 9.85401783725891e-16
1217.4352924396544 9.829585708155774e-16
1217.44195944568 9.805122845234355e-16
1217.4486264463076 9.780629789920259e-16
1217.4552934415374 9.756107082970954e-16
1217.4619604313693 9.731555264459998e-16
1217.4686274158032 9.70697487375858e-16
1217.4752943948397 9.682366449519883e-16
1217.481961368478 9.657730529663499e-16
1217.4886283367189 9.633067651358094e-16
1217.4952952995618 9.608378351002321e-16
1217.501962257007 9.583663164215846e-16
1217.5086292090546 9.558922625813953e-16
1217.5152961557042 9.534157269801472e-16
1217.5219630969561 9.509367629344796e-16
1217.5286300328107 9.48455423676495e-16
1217.5352969632672 9.459717623522658e-16
1217.541963888326 9.434858320192236e-16
1217.5486308079876 9.40997685645595e-16
1217.555297722251 9.385073761086385e-16
1217.561964631117 9.360149561923387e-16
1217.5686315345856 9.335204785868576e-16
1217.5752984326564 9.310239958862408e-16
1217.5819653253295 9.285255605875187e-16
1217.588632212605 9.260252250884197e-16
1217.5952990944832 9.2352304168621e-16
1217.6019659709634 9.210190625765348e-16
1217.6086328420463 9.185133398510658e-16
1217.6152997077318 9.160059254968203e-16
1217.6219665680196 9.134968713940077e-16
1217.62863342291 9.109862293150904e-16
1217.635300272403 9.084740509226377e-16
1217.641967116498 9.059603877687795e-16
1217.6486339551961 9.034452912925143e-16
1217.6553007884966 9.009288128193637e-16
1217.6619676163996 8.984110035592575e-16
1217.6686344389052 8.95891914605364e-16
1217.6753012560134 8.933715969323626e-16
1217.681968067724 8.908501013954782e-16
1217.6886348740375 8.883274787284886e-16
1217.6953016749535 8.858037795427754e-16
1217.7019684704724 8.832790543256298e-16
1217.7086352605936 8.807533534390371e-16
1217.7153020453175 8.782267271181872e-16
1217.7219688246441 8.756992254699023e-16
1217.7286355985734 8.731708984715367e-16
1217.7353023671055 8.706417959697041e-16
1217.7419691302402 8.681119676785408e-16
1217.7486358879778 8.655814631785392e-16
1217.7553026403182 8.630503319152056e-16
1217.7619693872612 8.605186231977268e-16
1217.768636128807 8.579863861979238e-16
1217.7753028649554 8.5545366994809005e-16
1217.7819695957066 8.529205233408126e-16
1217.788636321061 8.503869951266383e-16
1217.7953030410179 8.47853133913724e-16
1217.8019697555776 8.453189881657107e-16
1217.8086364647404 8.427846062009235e-16
1217.815303168506 8.402500361911081e-16
1217.8219698668745 8.37715326159991e-16
1217.8286365598458 8.351805239822254e-16
1217.83530324742 8.326456773819693e-16
1217.8419699295969 8.301108339318491e-16
1217.848636606377 8.275760410514655e-16
1217.85530327776 8.250413460066557e-16
1217.8619699437459 8.225067959077382e-16
1217.8686366043348 8.199724377087015e-16
1217.8753032595266 8.17438318206218e-16
1217.8819699093217 8.149044840376318e-16
1217.8886365537196 8.123709816810269e-16
1217.8953031927206 8.098378574527656e-16
1217.9019698263244 8.07305157507479e-16
1217.9086364545315 8.04772927836382e-16
1217.9153030773414 8.02241214266153e-16
1217.9219696947544 7.997100624579292e-16
1217.9286363067708 7.971795179061121e-16
1217.93530291339 7.946496259377572e-16
1217.9419695146123 7.921204317108402e-16
1217.948636110438 7.895919802132877e-16
1217.9553027008667 7.870643162624879e-16
1217.9619692858982 7.845374845037772e-16
1217.9686358655333 7.820115294094083e-16
1217.9753024397717 7.794864952776236e-16
1217.9819690086129 7.769624262316407e-16
1217.9886355720575 7.744393662187478e-16
1217.9953021301053 7.719173590091262e-16
1218.0019686827563 7.6939644819505695e-16
1218.0086352300104 7.668766771898573e-16
1218.015301771868 7.643580892267387e-16
1218.0219683083287 7.618407273582309e-16
1218.028634839393 7.593246344548721e-16
1218.0353013650604 7.568098532048449e-16
1218.0419678853307 7.542964261123109e-16
1218.048634400205 7.517843954969777e-16
1218.055300909682 7.492738034932018e-16
1218.0619674137629 7.467646920488277e-16
1218.0686339124468 7.442571029248778e-16
1218.0753004057342 7.417510776939429e-16
1218.081966893625 7.392466577398007e-16
1218.088633376119 7.367438842564835e-16
1218.0952998532168 7.342427982476365e-16
1218.1019663249178 7.317434405253299e-16
1218.1086327912224 7.292458517093459e-16
1218.1152992521302 7.267500722267551e-16
1218.1219657076417 7.242561423105787e-16
1218.1286321577563 7.217641019995692e-16
1218.135298602475 7.192739911368038e-16
1218.1419650417968 7.167858493697651e-16
1218.1486314757221 7.142997161487727e-16
1218.155297904251 7.11815630726805e-16
1218.1619643273834 7.093336321585117e-16
1218.1686307451196 7.068537592995963e-16
1218.175297157459 7.043760508063063e-16
1218.1819635644022 7.019005451342011e-16
1218.188629965949 6.994272805382127e-16
1218.1952963620995 6.969562950714334e-16
1218.2019627528534 6.944876265846529e-16
1218.2086291382109 6.920213127259e-16
1218.2152955181725 6.895573909392678e-16
1218.2219618927372 6.870958984651214e-16
1218.228628261906 6.846368723384872e-16
1218.2352946256783 6.821803493895544e-16
1218.2419609840545 6.79726366242273e-16
1218.248627337034 6.772749593141459e-16
1218.2552936846175 6.748261648153974e-16
1218.2619600268047 6.723800187487873e-16
1218.2686263635956 6.699365569088005e-16
1218.2752926949902 6.674958148813043e-16
1218.281959020989 6.650578280427583e-16
1218.2886253415911 6.62622631560346e-16
1218.2952916567972 6.601902603903059e-16
1218.3019579666072 6.577607492788058e-16
1218.308624271021 6.553341327604784e-16
1218.3152905700385 6.529104451585942e-16
1218.32195686366 6.504897205839814e-16
1218.3286231518853 6.480719929354902e-16
1218.3352894347147 6.456572958983975e-16
1218.3419557121476 6.432456629450694e-16
1218.3486219841848 6.408371273338412e-16
1218.3552882508259 6.384317221092498e-16
1218.3619545120707 6.360294801009371e-16
1218.3686207679195 6.336304339236383e-16
1218.3752870183723 6.312346159770881e-16
1218.3819532634293 6.28842058445317e-16
1218.38861950309 6.264527932962228e-16
1218.3952857373547 6.240668522815139e-16
1218.4019519662236 6.216842669364794e-16
1218.4086181896962 6.193050685793313e-16
1218.4152844077732 6.169292883110866e-16
1218.4219506204543 6.145569570151989e-16
1218.4286168277392 6.121881053577244e-16
1218.4352830296284 6.098227637863562e-16
1218.4419492261216 6.074609625307034e-16
1218.448615417219 6.051027316016998e-16
1218.4552816029202 6.027481007919007e-16
1218.461947783226 6.003970996743884e-16
1218.4686139581356 5.980497576037025e-16
1218.4752801276493 5.957061037144229e-16
1218.4819462917676 5.933661669220266e-16
1218.4886124504897 5.910299759222784e-16
1218.4952786038164 5.886975591906313e-16
1218.5019447517468 5.863689449831157e-16
1218.5086108942817 5.840441613350659e-16
1218.5152770314207 5.817232360617689e-16
1218.5219431631642 5.794061967579955e-16
1218.528609289512 5.770930707980586e-16
1218.5352754104636 5.747838853355419e-16
1218.5419415260199 5.724786673033788e-16
1218.5486076361806 5.701774434135145e-16
1218.5552737409453 5.678802401573496e-16
1218.5619398403144 5.655870838049092e-16
1218.5686059342881 5.632980004054769e-16
1218.5752720228659 5.610130157872988e-16
1218.5819381060483 5.587321555573832e-16
1218.5886041838348 5.564554451019059e-16
1218.5952702562258 5.541829095857764e-16
1218.6019363232213 5.519145739528082e-16
1218.608602384821 5.496504629258139e-16
1218.6152684410254 5.47390601006457e-16
1218.6219344918343 5.451350124753657e-16
1218.6286005372474 5.428837213922597e-16
1218.6352665772652 5.406367515957465e-16
1218.6419326118871 5.3839412670388365e-16
1218.6485986411142 5.36155870113582e-16
1218.6552646649452 5.339220050011012e-16
1218.6619306833811 5.316925543221388e-16
1218.6685966964212 5.29467540811764e-16
1218.675262704066 5.272469869846904e-16
1218.6819287063154 5.250309151352303e-16
1218.6885947031697 5.228193473374218e-16
1218.6952606946281 5.206123054455777e-16
1218.701926680691 5.184098110938547e-16
1218.708592661359 5.162118856965764e-16
1218.7152586366315 5.140185504486429e-16
1218.7219246065085 5.118298263254607e-16
1218.7285905709903 5.096457340832879e-16
1218.7352565300769 5.074662942591839e-16
1218.741922483768 5.052915271717808e-16
1218.7485884320636 5.03121452920439e-16
1218.7552543749641 5.009560913867634e-16
1218.7619203124696 4.98795462233702e-16
1218.7685862445794 4.966395849065886e-16
1218.7752521712941 4.944884786327479e-16
1218.7819180926138 4.923421624225525e-16
1218.788584008538 4.902006550686482e-16
1218.7952499190671 4.880639751471847e-16
1218.801915824201 4.859321410176991e-16
1218.8085817239396 4.838051708230881e-16
1218.8152476182834 4.816830824903081e-16
1218.8219135072316 4.795658937309932e-16
1218.8285793907849 4.774536220409853e-16
1218.8352452689428 4.753462847012103e-16
1218.8419111417059 4.732438987776948e-16
1218.8485770090738 4.711464811221467e-16
1218.8552428710466 4.690540483723788e-16
1218.8619087276243 4.669666169524334e-16
1218.868574578807 4.648842030728709e-16
1218.8752404245945 4.628068227313785e-16
1218.881906264987 4.607344917131496e-16
1218.8885720999847 4.586672255911976e-16
1218.8952379295874 4.566050397266766e-16
1218.9019037537948 4.545479492693649e-16
1218.9085695726073 4.524959691582294e-16
1218.915235386025 4.50449114121316e-16
1218.9219011940475 4.484073986771664e-16
1218.9285669966753 4.463708371339629e-16
1218.935232793908 4.44339443591262e-16
1218.9418985857458 4.4231323193938786e-16
1218.948564372189 4.402922158604954e-16
1218.9552301532367 4.3827640882911013e-16
1218.9618959288898 4.3626582411207754e-16
1218.9685616991483 4.3426047476941965e-16
1218.9752274640116 4.3226037365482317e-16
1218.9818932234803 4.3026553341598565e-16
1218.988558977554 4.2827596649526663e-16
1218.995224726233 4.2629168512997545e-16
1219.0018904695169 4.2431270135333175e-16
1219.0085562074064 4.223390269942512e-16
1219.0152219399008 4.203706736788328e-16
1219.0218876670008 4.184076528299412e-16
1219.0285533887059 4.1644997566848383e-16
1219.0352191050163 4.1449765321337787e-16
1219.0418848159318 4.125506962827619e-16
1219.0485505214529 4.10609115493906e-16
1219.055216221579 4.0867292126414606e-16
1219.0618819163105 4.06742123811531e-16
1219.0685476056474 4.0481673315504587e-16
1219.0752132895896 4.0289675911563263e-16
1219.081878968137 4.0098221131635736e-16
1219.0885446412901 3.9907309918322513e-16
1219.0952103090485 3.971694319461448e-16
1219.101875971412 3.952712186387596e-16
1219.108541628381 3.933784680997791e-16
1219.1152072799557 3.9149118897303786e-16
1219.1218729261357 3.8960938970876137e-16
1219.128538566921 3.877330785635725e-16
1219.135204202312 3.8586226360148447e-16
1219.1418698323084 3.839969526944812e-16
1219.1485354569102 3.821371535234477e-16
1219.1552010761175 3.802828735779996e-16
1219.1618666899305 3.7843412015818753e-16
1219.1685322983487 3.765909003744768e-16
1219.1751979013727 3.7475322114856253e-16
1219.1818634990022 3.729210892143935e-16
1219.1885290912371 3.7109451111824436e-16
1219.195194678078 3.692734932200226e-16
1219.201860259524 3.6745804169348717e-16
1219.2085258355758 3.6564816252736107e-16
1219.2151914062333 3.638438615256307e-16
1219.2218569714964 3.6204514430852947e-16
1219.2285225313651 3.6025201631338775e-16
1219.2351880858396 3.5846448279481896e-16
1219.2418536349196 3.566825488260492e-16
1219.2485191786054 3.5490621929924704e-16
1219.2551847168968 3.531354989263276e-16
1219.261850249794 3.5137039223989186e-16
1219.2685157772967 3.496109035939677e-16
1219.2751812994054 3.4785703716410755e-16
1219.2818468161197 3.461087969493837e-16
1219.2885123274398 3.4436618677190314e-16
