src/LyA_code/TOI_776_Obs_Package4/pubdata/lya_fit_g140m.ecsv
# %ECSV 1.0
# ---
# datatype:
# - {name: w, datatype: float64}
# - {name: y, datatype: float64}
# meta: !!omap
# - best fit parameters: [45.57031728354851, 78.79493148176205, 1.5988582335931167e-13, 760.914847018622, 7.388864277616206e-15, 1.00152028963031,
#     1.7163867189335131, -18.399925848115224, 17.127989793763337, 26.938500076858602, -4.877966481887974]
# schema: astropy-2.0
w y
[from data line 1576]
1216.6818859879202 1.2137822411938309e-15
1216.6885536039883 1.2108939293922806e-15
1216.695221214657 1.2081370060899895e-15
1216.7018888199266 1.205495457204216e-15
1216.7085564197967 1.2029550015031244e-15
1216.7152240142675 1.2005029169454942e-15
1216.7218916033391 1.1981278828189915e-15
1216.7285591870116 1.1958198364281183e-15
1216.7352267652848 1.1935698431617356e-15
1216.7418943381583 1.1913699788418122e-15
1216.748561905633 1.189213223330204e-15
1216.7552294677082 1.1870933644380758e-15
1216.7618970243846 1.1850049112480178e-15
1216.7685645756615 1.182943016027034e-15
1216.7752321215391 1.1809034039628257e-15
1216.7818996620178 1.1788823100197747e-15
1216.788567197097 1.176876422261162e-15
1216.7952347267774 1.1748828310364628e-15
1216.8019022510587 1.172898983483323e-15
1216.8085697699405 1.1709226428351308e-15
1216.8152372834236 1.1689518520708485e-15
1216.8219047915074 1.1669849014818129e-15
1216.828572294192 1.1650202997667515e-15
1216.8352397914775 1.1630567483023603e-15
1216.8419072833644 1.1610931182659217e-15
1216.848574769852 1.1591284303180112e-15
1216.8552422509406 1.157161836579257e-15
1216.86190972663 1.1551926046601892e-15
1216.8685771969206 1.1532201035263958e-15
1216.8752446618118 1.151243791002682e-15
1216.8819121213046 1.1492632027377164e-15
1216.8885795753984 1.1472779424701224e-15
1216.895247024093 1.1452876734514879e-15
1216.9019144673887 1.1432921108976033e-15
1216.9085819052852 1.1412910153518713e-15
1216.9152493377833 1.1392841868563945e-15
1216.921916764882 1.1372714598395431e-15
1216.9285841865822 1.1352526986349442e-15
1216.9352516028835 1.1332277935595334e-15
1216.9419190137858 1.131196657484087e-15
1216.9485864192893 1.129159222837423e-15
1216.955253819394 1.1271154389925245e-15
1216.9619212141 1.1250652699885771e-15
1216.9685886034072 1.1230086925464861e-15
1216.9752559873152 1.1209456943441034e-15
1216.981923365825 1.1188762725160472e-15
1216.9885907389357 1.1168004323531747e-15
1216.9952581066475 1.1147181861734243e-15
1217.0019254689607 1.1126295523440582e-15
1217.0085928258754 1.1105345544364237e-15
1217.0152601773912 1.1084332204938462e-15
1217.0219275235083 1.10632558240007e-15
1217.0285948642265 1.1042116753345655e-15
1217.0352621995464 1.1020915373018607e-15
1217.0419295294673 1.0999652087277932e-15
1217.04859685399 1.0978327321105075e-15
1217.0552641731138 1.0956941517216383e-15
1217.0619314868388 1.0935495133486107e-15
1217.0685987951656 1.0913988640746624e-15
1217.0752660980936 1.0892422520886957e-15
1217.0819333956229 1.0870797265241378e-15
1217.0886006877536 1.0849113373190015e-15
1217.095267974486 1.0827371350977569e-15
1217.1019352558196 1.0805571710695087e-15
1217.1086025317547 1.0783714969406055e-15
1217.1152698022916 1.0761801648412721e-15
1217.1219370674296 1.0739832272614388e-15
1217.1286043271696 1.0717807369967228e-15
1217.1352715815108 1.069572747102397e-15
1217.1419388304535 1.0673593108537828e-15
1217.1486060739976 1.0651404817121505e-15
1217.1552733121437 1.0629163132960884e-15
1217.161940544891 1.0606868593571364e-15
1217.1686077722402 1.0584521737579674e-15
1217.1752749941907 1.0562123104546502e-15
1217.1819422107428 1.0539673234811477e-15
1217.1886094218967 1.0517172669353881e-15
1217.1952766276524 1.0494621949683415e-15
1217.2019438280095 1.0472021617735628e-15
1217.2086110229682 1.044937221578381e-15
1217.2152782125288 1.042667428636534e-15
1217.221945396691 1.0403928372214818e-15
1217.228612575455 1.038113501620437e-15
1217.2352797488204 1.035829476129132e-15
1217.241946916788 1.0335408150469006e-15
1217.248614079357 1.0312475726730743e-15
1217.255281236528 1.0289498033026777e-15
1217.2619483883007 1.0266475612232192e-15
1217.268615534675 1.0243409007112534e-15
1217.2752826756512 1.0220298760297725e-15
1217.2819498112292 1.019714541425292e-15
1217.288616941409 1.0173949511252663e-15
1217.2952840661908 1.0150711593353024e-15
1217.3019511855744 1.0127432202377005e-15
1217.3086182995598 1.010411187988538e-15
1217.315285408147 1.0080751167156195e-15
1217.3219525113363 1.0057350605164015e-15
1217.3286196091274 1.0033910734561583e-15
1217.3352867015205 1.0010432095662e-15
1217.3419537885154 9.986915228412553e-16
1217.3486208701122 9.963360672383775e-16
1217.355287946311 9.939768966745758e-16
1217.361955017112 9.916140650249892e-16
1217.3686220825148 9.892476261218812e-16
1217.3752891425193 9.86877633751454e-16
1217.381956197126 9.845041416535002e-16
1217.388623246335 9.821272035186825e-16
1217.395290290146 9.797468729873409e-16
1217.4019573285589 9.773632036475045e-16
1217.4086243615739 9.749762490333624e-16
1217.4152913891908 9.725860626233928e-16
1217.4219584114098 9.701926978388517e-16
1217.428625428231 9.677962080418285e-16
1217.4352924396544 9.65396646533933e-16
1217.44195944568 9.62994066554457e-16
1217.4486264463076 9.605885212786293e-16
1217.4552934415374 9.58180063816058e-16
1217.4619604313693 9.557687472091819e-16
1217.4686274158032 9.533546244314584e-16
1217.4752943948397 9.509377483858271e-16
1217.481961368478 9.485181719031786e-16
1217.4886283367189 9.46095947740653e-16
1217.4952952995618 9.436711285797644e-16
1217.501962257007 9.412437670255205e-16
1217.5086292090546 9.388139156039275e-16
1217.5152961557042 9.363816267613946e-16
1217.5219630969561 9.339469528619849e-16
1217.5286300328107 9.315099461867354e-16
1217.5352969632672 9.290706589321898e-16
1217.541963888326 9.266291432078346e-16
1217.5486308079876 9.241854510355454e-16
1217.555297722251 9.217396343478547e-16
1217.561964631117 9.192917449856878e-16
1217.5686315345856 9.168418346978235e-16
1217.5752984326564 9.143899551386416e-16
1217.5819653253295 9.119361578672397e-16
1217.588632212605 9.094804943451881e-16
1217.5952990944832 9.07023015935389e-16
1217.6019659709634 9.045637739009402e-16
1217.6086328420463 9.021028194028227e-16
1217.6152997077318 8.996402034992337e-16
1217.6219665680196 8.9717597714347e-16
1217.62863342291 8.94710191183007e-16
1217.635300272403 8.922428963573905e-16
1217.641967116498 8.897741432976992e-16
1217.6486339551961 8.873039825239027e-16
1217.6553007884966 8.848324644445204e-16
1217.6619676163996 8.823596393545457e-16
1217.6686344389052 8.798855574342958e-16
1217.6753012560134 8.774102687477167e-16
1217.681968067724 8.749338232414338e-16
1217.6886348740375 8.724562707427953e-16
1217.6953016749535 8.699776609589399e-16
1217.7019684704724 8.674980434751333e-16
1217.7086352605936 8.650174677535733e-16
1217.7153020453175 8.625359831319284e-16
1217.7219688246441 8.600536388217927e-16
1217.7286355985734 8.575704839076053e-16
1217.7353023671055 8.550865673454006e-16
1217.7419691302402 8.526019379611028e-16
1217.7486358879778 8.501166444493797e-16
1217.7553026403182 8.476307353723248e-16
1217.7619693872612 8.451442591581474e-16
1217.768636128807 8.426572641001454e-16
1217.7753028649554 8.401697983545822e-16
1217.7819695957066 8.376819099405106e-16
1217.788636321061 8.35193646737481e-16
1217.7953030410179 8.327050564851979e-16
1217.8019697555776 8.302161867814316e-16
1217.8086364647404 8.277270850812332e-16
1217.815303168506 8.25237798695693e-16
1217.8219698668745 8.227483747905267e-16
1217.8286365598458 8.202588603850402e-16
1217.83530324742 8.177693023507328e-16
1217.8419699295969 8.152797474102799e-16
1217.848636606377 8.127902421360646e-16
1217.85530327776 8.103008329494544e-16
1217.8619699437459 8.078115661190762e-16
1217.8686366043348 8.053224877600201e-16
1217.8753032595266 8.028336438328706e-16
1217.8819699093217 8.00345080141731e-16
1217.8886365537196 7.978568423342893e-16
1217.8953031927206 7.9536897589940155e-16
1217.9019698263244 7.92881526167082e-16
1217.9086364545315 7.903945383068486e-16
1217.9153030773414 7.879080573266222e-16
1217.9219696947544 7.854221280717399e-16
1217.9286363067708 7.829367952237828e-16
1217.93530291339 7.804521032999752e-16
1217.9419695146123 7.779680966514826e-16
1217.948636110438 7.754848194624598e-16
1217.9553027008667 7.730023157495696e-16
1217.9619692858982 7.705206293604975e-16
1217.9686358655333 7.680398039729375e-16
1217.9753024397717 7.65559883093682e-16
1217.9819690086129 7.63080910057626e-16
1217.9886355720575 7.606029280268781e-16
1217.9953021301053 7.581259799896043e-16
1218.0019686827563 7.556501087592488e-16
1218.0086352300104 7.531753569734897e-16
1218.015301771868 7.507017670931165e-16
1218.0219683083287 7.482293814014658e-16
1218.028634839393 7.457582420031339e-16
1218.0353013650604 7.432883908236195e-16
1218.0419678853307 7.408198696076881e-16
1218.048634400205 7.383527199189468e-16
1218.055300909682 7.358869831389631e-16
1218.0619674137629 7.334227004661249e-16
1218.0686339124468 7.309599129153356e-16
1218.0753004057342 7.284986613164339e-16
1218.081966893625 7.260389863138186e-16
1218.088633376119 7.235809283655332e-16
1218.0952998532168 7.211245277426357e-16
1218.1019663249178 7.186698245280318e-16
1218.1086327912224 7.162168586157746e-16
1218.1152992521302 7.137656697106489e-16
1218.1219657076417 7.113162973268569e-16
1218.1286321577563 7.08868780787803e-16
1218.135298602475 7.064231592247122e-16
1218.1419650417968 7.0397947157670985e-16
1218.1486314757221 7.015377565892803e-16
1218.155297904251 6.99098052814093e-16
1218.1619643273834 6.966603986080319e-16
1218.1686307451196 6.942248321325893e-16
1218.175297157459 6.917913913533648e-16
1218.1819635644022 6.893601140388559e-16
1218.188629965949 6.869310377605167e-16
1218.1952963620995 6.84504199891568e-16
1218.2019627528534 6.820796376065428e-16
1218.2086291382109 6.796573878808349e-16
1218.2152955181725 6.772374874895467e-16
1218.2219618927372 6.748199730076925e-16
1218.228628261906 6.724048808086161e-16
1218.2352946256783 6.699922470644841e-16
1218.2419609840545 6.675821077449087e-16
1218.248627337034 6.651744986167434e-16
1218.2552936846175 6.627694552432663e-16
1218.2619600268047 6.603670129839977e-16
1218.2686263635956 6.579672069939043e-16
1218.2752926949902 6.555700722230622e-16
1218.281959020989 6.531756434158813e-16
1218.2886253415911 6.507839551112344e-16
1218.2952916567972 6.483950416408181e-16
1218.3019579666072 6.460089371300114e-16
1218.308624271021 6.436256754964378e-16
1218.3152905700385 6.412452904501347e-16
1218.32195686366 6.388678154924928e-16
1218.3286231518853 6.364932839167122e-16
1218.3352894347147 6.341217288062354e-16
1218.3419557121476 6.317531830353979e-16
1218.3486219841848 6.293876792683286e-16
1218.3552882508259 6.270252499591778e-16
1218.3619545120707 6.2466592735104e-16
1218.3686207679195 6.223097434759426e-16
1218.3752870183723 6.199567301547543e-16
1218.3819532634293 6.176069189964927e-16
1218.38861950309 6.152603413979046e-16
1218.3952857373547 6.129170285434101e-16
1218.4019519662236 6.105770114048762e-16
1218.4086181896962 6.082403207409716e-16
1218.4152844077732 6.059069870970502e-16
1218.4219506204543 6.035770408047896e-16
1218.4286168277392 6.012505119823543e-16
1218.4352830296284 5.98927430533447e-16
1218.4419492261216 5.966078261475825e-16
1218.448615417219 5.942917282995077e-16
1218.4552816029202 5.919791662494922e-16
1218.461947783226 5.896701690422541e-16
1218.4686139581356 5.873647655078734e-16
1218.4752801276493 5.850629842603998e-16
1218.4819462917676 5.827648536986951e-16
1218.4886124504897 5.804704020058344e-16
1218.4952786038164 5.781796571485171e-16
1218.5019447517468 5.758926468779403e-16
1218.5086108942817 5.736093987285477e-16
1218.5152770314207 5.713299400186678e-16
1218.5219431631642 5.690542978500521e-16
1218.528609289512 5.667824991079333e-16
1218.5352754104636 5.645145704607586e-16
1218.5419415260199 5.622505383602669e-16
1218.5486076361806 5.599904290411576e-16
1218.5552737409453 5.577342685215251e-16
1218.5619398403144 5.554820826020441e-16
1218.5686059342881 5.532338968665916e-16
1218.5752720228659 5.509897366819559e-16
1218.5819381060483 5.487496271976404e-16
1218.5886041838348 5.465135933462617e-16
1218.5952702562258 5.442816598431228e-16
1218.6019363232213 5.420538511863817e-16
1218.608602384821 5.39830191657143e-16
1218.6152684410254 5.376107053193143e-16
1218.6219344918343 5.353954160197162e-16
1218.6286005372474 5.331843473882082e-16
1218.6352665772652 5.309775228374878e-16
1218.6419326118871 5.28774965563643e-16
1218.6485986411142 5.265766985455664e-16
1218.6552646649452 5.243827445454411e-16
1218.6619306833811 5.221931261088297e-16
1218.6685966964212 5.200078655646072e-16
1218.675262704066 5.178269850252309e-16
1218.6819287063154 5.156505063866937e-16
1218.6885947031697 5.134784513286507e-16
1218.6952606946281 5.113108413149566e-16
1218.701926680691 5.091476975932441e-16
1218.708592661359 5.069890411952398e-16
1218.7152586366315 5.048348929371675e-16
1218.7219246065085 5.026852734196786e-16
1218.7285905709903 5.005402030281921e-16
1218.7352565300769 4.98399701932844e-16
1218.741922483768 4.962637900892459e-16
1218.7485884320636 4.94132487237655e-16
1218.7552543749641 4.920058129044635e-16
1218.7619203124696 4.898837864013138e-16
1218.7685862445794 4.877664268261213e-16
1218.7752521712941 4.85653753062688e-16
1218.7819180926138 4.835457837817398e-16
1218.788584008538 4.814425374401654e-16
1218.7952499190671 4.793440322822261e-16
1218.801915824201 4.772502863394399e-16
1218.8085817239396 4.751613174305557e-16
1218.8152476182834 4.730771431622395e-16
1218.8219135072316 4.709977809296826e-16
1218.8285793907849 4.689232479161395e-16
1218.8352452689428 4.668535610937878e-16
1218.8419111417059 4.647887372237463e-16
1218.8485770090738 4.627287928566432e-16
1218.8552428710466 4.606737443330338e-16
1218.8619087276243 4.586236077835221e-16
1218.868574578807 4.565783991290441e-16
1218.8752404245945 4.545381340814661e-16
1218.881906264987 4.52502828143957e-16
1218.8885720999847 4.504724966112966e-16
1218.8952379295874 4.484471545701906e-16
1218.9019037537948 4.464268168997453e-16
1218.9085695726073 4.444114982720225e-16
1218.915235386025 4.424012131519306e-16
1218.9219011940475 4.4039597579861764e-16
1218.9285669966753 4.383958002646301e-16
1218.935232793908 4.3640070039761644e-16
1218.9418985857458 4.3441068983973065e-16
1218.948564372189 4.3242578202867703e-16
1218.9552301532367 4.304459901982399e-16
1218.9618959288898 4.28471327378234e-16
1218.9685616991483 4.2650180639534594e-16
1218.9752274640116 4.2453743987361335e-16
1218.9818932234803 4.225782402347651e-16
1218.988558977554 4.206242196988606e-16
1218.995224726233 4.1867539028457257e-16
1219.0018904695169 4.1673176381013053e-16
1219.0085562074064 4.1479335189311005e-16
1219.0152219399008 4.128601659518936e-16
1219.0218876670008 4.1093221720526046e-16
1219.0285533887059 4.0900951667364104e-16
1219.0352191050163 4.070920751790841e-16
1219.0418848159318 4.051799033464471e-16
1219.0485505214529 4.032730116033078e-16
1219.055216221579 4.0137141018088195e-16
1219.0618819163105 3.994751091146587e-16
1219.0685476056474 3.9758411824462005e-16
1219.0752132895896 3.956984472162431e-16
1219.081878968137 3.938181054806645e-16
1219.0885446412901 3.919431022954805e-16
1219.0952103090485 3.900734467256949e-16
1219.101875971412 3.882091476435522e-16
1219.108541628381 3.863502137298462e-16
1219.1152072799557 3.844966534739772e-16
1219.1218729261357 3.8264847517519584e-16
1219.128538566921 3.808056869426087e-16
1219.135204202312 3.789682966961543e-16
1219.1418698323084 3.771363121671726e-16
1219.1485354569102 3.753097408993188e-16
1219.1552010761175 3.7348859024839626e-16
1219.1618666899305 3.716728673840299e-16
1219.1685322983487 3.6986257928964677e-16
1219.1751979013727 3.6805773276327614e-16
1219.1818634990022 3.662583344185555e-16
1219.1885290912371 3.644643906848012e-16
1219.195194678078 3.62675907808292e-16
1219.201860259524 3.6089289185248424e-16
1219.2085258355758 3.591153486991039e-16
1219.2151914062333 3.5734328404844107e-16
1219.2218569714964 3.555767034203159e-16
1219.2285225313651 3.5381561215491334e-16
1219.2351880858396 3.520600154129657e-16
1219.2418536349196 3.5030991817705893e-16
1219.2485191786054 3.485653252519561e-16
1219.2551847168968 3.468262412653875e-16
1219.261850249794 3.4509267066897285e-16
1219.2685157772967 3.433646177389492e-16
1219.2751812994054 3.4164208657626694e-16
