src/LyA_code/TOI_776_Obs_Package4/pubdata/lya_fit_g140m.ecsv
# %ECSV 1.0
# ---
# datatype:
# - {name: w, datatype: float64}
# - {name: y, datatype: float64}
# meta: !!omap
# - best fit parameters: [45.57031728354851, 78.79493148176205, 1.5988582335931167e-13, 760.914847018622, 7.388864277616206e-15, 1.00152028963031,
#     1.7163867189335131, -18.399925848115224, 17.127989793763337, 26.938500076858602, -4.877966481887974]
# schema: astropy-2.0
w y
[from data line 1967]
1219.2885123274398 3.382136050896163e-16
1219.2951778333656 3.3650766210094154e-16
1219.3018433338973 3.3480725555208353e-16
1219.308508829035 3.331123886817603e-16
1219.3151743187782 3.3142306455823026e-16
1219.3218398031272 3.2973928608043557e-16
1219.3285052820825 3.2806105597839244e-16
1219.335170755643 3.263883768143406e-16
1219.3418362238099 3.2472125098314364e-16
1219.3485016865825 3.2305968071331858e-16
1219.355167143961 3.214036680678802e-16
1219.3618325959453 3.197532149448178e-16
1219.3684980425355 3.181083230782569e-16
1219.375163483732 3.1646899403888247e-16
1219.3818289195342 3.1483522923504353e-16
1219.3884943499422 3.1320702991336957e-16
1219.3951597749563 3.1158439715981643e-16
1219.4018251945763 3.0996733189986743e-16
1219.4084906088026 3.08355834900191e-16
1219.4151560176347 3.0674990676884725e-16
1219.4218214210728 3.051495479562866e-16
1219.4284868191169 3.0355475875628594e-16
1219.4351522117672 3.01965539306414e-16
1219.4418175990236 3.0038188958938963e-16
1219.448482980886 2.9880380943331713e-16
1219.4551483573546 2.9723129851304646e-16
1219.461813728429 2.9566435635065324e-16
1219.4684790941096 2.94102982316448e-16
1219.4751444543965 2.925471756295824e-16
1219.4818098092894 2.9099693535935326e-16
1219.4884751587886 2.894522604256364e-16
1219.495140502894 2.8791314959962045e-16
1219.5018058416053 2.8637960150528244e-16
1219.508471174923 2.848516146194942e-16
1219.515136502847 2.8332918727338596e-16
1219.521801825377 2.8181231765302937e-16
1219.5284671425134 2.803010038002915e-16
1219.535132454256 2.787952436135807e-16
1219.5417977606048 2.77295034848875e-16
1219.54846306156 2.758003751206369e-16
1219.5551283571215 2.7431126190245353e-16
1219.561793647289 2.7282769252806783e-16
1219.568458932063 2.713496641920249e-16
1219.5751242114436 2.6987717395092487e-16
1219.5817894854304 2.6841021872407045e-16
1219.5884547540234 2.6694879529412087e-16
1219.5951200172226 2.6549290030840115e-16
1219.6017852750285 2.640425302793935e-16
1219.608450527441 2.6259768158588503e-16
1219.6151157744594 2.6115835047373443e-16
1219.6217810160842 2.5972453305669685e-16
1219.628446252316 2.5829622531735585e-16
1219.6351114831539 2.568734231081095e-16
1219.6417767085982 2.5545612215178637e-16
1219.6484419286492 2.540443180426876e-16
1219.6551071433062 2.5263800624773046e-16
1219.66177235257 2.512371821067039e-16
1219.6684375564405 2.4984184083383263e-16
1219.6751027549171 2.4845197751819336e-16
1219.6817679480007 2.470675871246543e-16
1219.6884331356907 2.456886644950722e-16
1219.6950983179872 2.4431520434902273e-16
1219.7017634948904 2.429472012842802e-16
1219.7084286664 2.4158464977842315e-16
1219.7150938325162 2.4022754418926207e-16
1219.7217589932393 2.388758787556308e-16
1219.7284241485688 2.3752964759888026e-16
1219.7350892985048 2.3618884472296434e-16
1219.7417544430477 2.348534640159833e-16
1219.7484195821971 2.335234992507228e-16
1219.7550847159534 2.321989440856469e-16
1219.7617498443162 2.308797920658372e-16
1219.7684149672857 2.295660366238339e-16
1219.775080084862 2.282576710803823e-16
1219.7817451970454 2.2695468864576146e-16
1219.788410303835 2.256570824200439e-16
1219.7950754052315 2.243648453946645e-16
1219.801740501235 2.230779704525878e-16
1219.808405591845 2.217964503700162e-16
1219.8150706770618 2.2052027781646485e-16
1219.8217357568858 2.1924944535622687e-16
1219.8284008313162 2.1798394544911695e-16
1219.8350659003536 2.167237704512207e-16
1219.841730963998 2.154689126158306e-16
1219.848396022249 2.1421936409452216e-16
1219.8550610751072 2.1297511693776064e-16
1219.8617261225718 2.1173616309606805e-16
1219.8683911646438 2.105024944206309e-16
1219.8750562013224 2.0927410266446394e-16
1219.8817212326082 2.08050979483019e-16
1219.8883862585008 2.0683311643525344e-16
1219.8950512790004 2.0562050498460287e-16
1219.9017162941068 2.0441313649950253e-16
1219.9083813038203 2.032110022546306e-16
1219.9150463081407 2.0201409343165336e-16
1219.921711307068 2.0082240112006008e-16
1219.9283763006028 1.9963591631808823e-16
1219.9350412887443 1.9845462993368774e-16
1219.941706271493 1.972785327851341e-16
1219.9483712488486 1.961076156022562e-16
1219.9550362208115 1.9494186902708954e-16
1219.9617011873813 1.9378128361470745e-16
1219.9683661485583 1.926258498343098e-16
1219.9750311043424 1.914755580697909e-16
1219.9816960547334 1.9033039862099603e-16
1219.9883609997319 1.891903617041604e-16
1219.9950259393372 1.880554374532444e-16
1220.00169087355 1.869256159202041e-16
1220.0083558023698 1.8580088707653256e-16
1220.015020725797 1.8468124081348835e-16
1220.0216856438312 1.8356666694354302e-16
1220.0283505564728 1.8245715520073826e-16
1220.0350154637213 1.813526952417932e-16
1220.0416803655771 1.8025327664695954e-16
1220.0483452620406 1.791588889207916e-16
1220.055010153111 1.7806952149308104e-16
1220.0616750387887 1.7698516371962474e-16
1220.0683399190739 1.7590580488307346e-16
1220.0750047939662 1.748314341939789e-16
1220.0816696634658 1.7376204079131595e-16
1220.088334527573 1.7269761374360605e-16
1220.0949993862873 1.716381420494786e-16
1220.1016642396091 1.7058361463882676e-16
1220.1083290875383 1.6953402037336681e-16
1220.1149939300747 1.6848934804774655e-16
1220.1216587672186 1.674495863900265e-16
1220.1283235989702 1.6641472406285966e-16
1220.1349884253289 1.6538474966404807e-16
1220.141653246295 1.643596517275996e-16
1220.1483180618688 1.6333941872428268e-16
1220.15498287205 1.623240390628286e-16
1220.1616476768386 1.6131350109025607e-16
1220.1683124762346 1.6030779309321745e-16
1220.1749772702383 1.5930690329824819e-16
1220.1816420588495 1.5831081987317762e-16
1220.1883068420682 1.5731953092745237e-16
1220.1949716198944 1.5633302451320354e-16
1220.2016363923283 1.5535128862590433e-16
1220.2083011593697 1.543743112053526e-16
1220.2149659210186 1.5340208013628926e-16
1220.2216306772752 1.5243458324926653e-16
1220.2282954281395 1.514718083214788e-16
1220.2349601736112 1.5051374307751646e-16
1220.2416249136907 1.4956037519011993e-16
1220.2482896483777 1.4861169228096614e-16
1220.2549543776724 1.4766768192159228e-16
1220.261619101575 1.467283316340005e-16
1220.2682838200851 1.4579362889147078e-16
1220.274948533203 1.4486356111951033e-16
1220.2816132409287 1.4393811569638173e-16
1220.288277943262 1.4301727995390804e-16
1220.294942640203 1.4210104117851453e-16
1220.3016073317517 1.4118938661157964e-16
1220.3082720179086 1.402823034504711e-16
1220.314936698673 1.3937977884930198e-16
1220.321601374045 1.3848179991954968e-16
1220.328266044025 1.3758835373087615e-16
1220.334930708613 1.3669942731191045e-16
1220.3415953678086 1.3581500765095982e-16
1220.3482600216118 1.349350816966879e-16
1220.3549246700234 1.3405963635898562e-16
1220.3615893130425 1.331886585096094e-16
1220.3682539506697 1.3232213498298056e-16
1220.3749185829047 1.3146005257688158e-16
1220.3815832097475 1.306023980531205e-16
1220.3882478311987 1.2974915813841543e-16
1220.3949124472574 1.2890031952492339e-16
1220.4015770579242 1.2805586887111764e-16
1220.4082416631989 1.2721579280246906e-16
1220.4149062630815 1.2638007791200219e-16
1220.4215708575723 1.255487107612218e-16
1220.428235446671 1.2472167788072422e-16
1220.4349000303778 1.2389896577086703e-16
1220.4415646086927 1.230805609025303e-16
1220.4482291816155 1.2226644971774918e-16
1220.4548937491463 1.2145661863046676e-16
1220.4615583112854 1.206510540271624e-16
1220.4682228680324 1.1984974226756562e-16
1220.4748874193876 1.190526696853692e-16
1220.481551965351 1.182598225888458e-16
1220.4882165059223 1.1747118726161262e-16
1220.4948810411017 1.1668674996312538e-16
1220.5015455708894 1.1590649692961125e-16
1220.5082100952854 1.1513041437441088e-16
1220.5148746142893 1.1435848848904713e-16
1220.5215391279014 1.1359070544338936e-16
1220.528203636122 1.1282705138677052e-16
1220.5348681389507 1.120675124483485e-16
1220.5415326363875 1.113120747378404e-16
1220.5481971284328 1.1056072434619351e-16
1220.554861615086 1.0981344734616924e-16
1220.5615260963477 1.090702297930352e-16
1220.5681905722176 1.0833105772511538e-16
1220.5748550426958 1.0759591716458415e-16
1220.5815195077823 1.0686479411784469e-16
1220.5881839674773 1.0613767457637153e-16
1220.5948484217804 1.0541454451727234e-16
1220.601512870692 1.0469538990376841e-16
1220.608177314212 1.0398019668602231e-16
1220.6148417523405 1.032689508015836e-16
1220.621506185077 1.0256163817607279e-16
1220.628170612422 1.0185824472370305e-16
1220.6348350343756 1.0115875634803441e-16
1220.6414994509375 1.0046315894233112e-16
1220.6481638621078 9.977143839036017e-17
1220.6548282678868 9.908358056689881e-17
1220.661492668274 9.839957133831613e-17
1220.6681570632697 9.77193965630755e-17
1220.6748214528739 9.704304209253807e-17
1220.6814858370867 9.637049377117977e-17
1220.688150215908 9.570173743758615e-17
1220.694814589338 9.503675892461477e-17
1220.7014789573764 9.437554406020567e-17
1220.7081433200233 9.371807866783736e-17
1220.7148076772787 9.30643485671051e-17
1220.721472029143 9.241433957431715e-17
1220.7281363756156 9.176803750291875e-17
1220.7348007166968 9.112542816417894e-17
1220.741465052387 9.048649736755959e-17
1220.7481293826854 8.985123092148777e-17
1220.7547937075926 8.921961463360088e-17
1220.7614580271083 8.859163431143979e-17
1220.768122341233 8.796727576304072e-17
1220.7747866499662 8.734652479731285e-17
1220.7814509533084 8.672936722453207e-17
1220.788115251259 8.611578885701358e-17
1220.7947795438183 8.550577550948122e-17
1220.8014438309865 8.489931299961746e-17
1220.8081081127634 8.42963871485863e-17
1220.814772389149 8.369698378148409e-17
1220.8214366601435 8.310108872789954e-17
1220.8281009257469 8.250868782229059e-17
1220.834765185959 8.191976690455976e-17
1220.8414294407798 8.133431182055648e-17
1220.8480936902095 8.07523084224448e-17
1220.8547579342483 8.017374256928697e-17
1220.8614221728956 7.959860012744841e-17
1220.8680864061519 7.902686697114943e-17
1220.8747506340171 7.845852898271443e-17
1220.8814148564911 7.789357205335079e-17
1220.888079073574 7.733198208332727e-17
1220.894743285266 7.677374498257352e-17
1220.901407491567 7.621884667106525e-17
1220.9080716924766 7.566727307928866e-17
1220.9147358879957 7.511901014870137e-17
1220.9214000781235 7.45740438321478e-17
1220.92806426286 7.403236009429207e-17
1220.934728442206 7.349394491198667e-17
1220.9413926161608 7.295878427483922e-17
1220.9480567847245 7.242686418551281e-17
1220.9547209478974 7.189817066020391e-17
1220.9613851056795 7.137268972901677e-17
1220.9680492580703 7.085040743643342e-17
1220.9747134050706 7.03313098415831e-17
1220.9813775466796 6.981538301887939e-17
1220.988041682898 6.930261305816706e-17
1220.9947058137252 6.879298606532987e-17
1221.001369939162 6.828648816247278e-17
1221.0080340592076 6.778310548853806e-17
1221.0146981738624 6.728282419951918e-17
1221.0213622831266 6.67856304688806e-17
1221.0280263869997 6.629151048802781e-17
1221.0346904854823 6.580045046651388e-17
1221.0413545785739 6.53124366325946e-17
1221.0480186662749 6.482745523341128e-17
1221.0546827485848 6.434549253551778e-17
1221.0613468255044 6.386653482511317e-17
1221.068010897033 6.339056840850478e-17
1221.074674963171 6.291757961237095e-17
1221.0813390239182 6.244755478414536e-17
1221.0880030792748 6.198048029236204e-17
1221.0946671292406 6.151634252703095e-17
1221.1013311738159 6.105512789988909e-17
1221.1079952130003 6.059682284482134e-17
1221.1146592467944 6.014141381815607e-17
1221.1213232751975 5.96888872989588e-17
1221.1279872982102 5.923922978945685e-17
1221.1346513158321 5.879242781520764e-17
1221.141315328064 5.834846792555023e-17
1221.1479793349047 5.790733669386723e-17
1221.154643336355 5.746902071787817e-17
1221.1613073324147 5.703350661997812e-17
1221.167971323084 5.660078104750798e-17
1221.174635308363 5.617083067306942e-17
1221.181299288251 5.574364219483705e-17
1221.1879632627488 5.531920233681799e-17
1221.194627231856 5.489749784920416e-17
1221.2012911955728 5.4478515508500025e-17
1221.2079551538993 5.4062242118040194e-17
1221.214619106835 5.364866450806424e-17
1221.2212830543804 5.323776953610092e-17
1221.2279469965356 5.282954408717847e-17
1221.2346109333002 5.2423975074184155e-17
1221.2412748646743 5.202104943800756e-17
1221.2479387906583 5.162075414787855e-17
1221.254602711252 5.12230762016254e-17
1221.261266626455 5.0828002625899286e-17
1221.2679305362678 5.0435520476470796e-17
1221.2745944406902 5.0045616838390193e-17
1221.2812583397224 4.965827882634933e-17
1221.2879222333645 4.927349358483633e-17
1221.294586121616 4.889124828843136e-17
1221.3012500044774 4.851153014195648e-17
1221.3079138819485 4.8134326380821965e-17
1221.3145777540292 4.775962427116942e-17
1221.3212416207198 4.738741111012614e-17
1221.3279054820202 4.701767422605517e-17
1221.3345693379304 4.6650400978691314e-17
1221.3412331884504 4.6285578759495103e-17
1221.34789703358 4.592319499168773e-17
1221.3545608733198 4.5563237130610936e-17
1221.3612247076692 4.520569266389233e-17
1221.3678885366285 4.4850549111595385e-17
1221.3745523601976 4.4497794026513236e-17
1221.381216178377 4.4147414994220556e-17
1221.3878799911658 4.379939963347842e-17
1221.3945437985649 4.345373559621545e-17
1221.4012076005736 4.3110410567834214e-17
1221.4078713971924 4.2769412267408094e-17
1221.414535188421 4.2430728447748355e-17
1221.4211989742598 4.209434689573652e-17
1221.4278627547083 4.176025543239798e-17
1221.434526529767 4.142844191306384e-17
1221.4411902994357 4.1098894227628026e-17
1221.4478540637144 4.077160030063994e-17
1221.454517822603 4.0446548091505516e-17
1221.461181576102 4.0123725594612184e-17
1221.4678453242107 3.980312083956005e-17
1221.4745090669296 3.948472189120859e-17
1221.4811728042584 3.916851684993769e-17
1221.4878365361974 3.8854493851725614e-17
1221.4945002627467 3.854264106830816e-17
1221.5011639839058 3.823294670738102e-17
1221.5078276996753 3.792539901264785e-17
1221.514491410055 3.76199862640172e-17
1221.5211551150446 3.731669677774921e-17
1221.5278188146447 3.701551890653147e-17
1221.5344825088546 3.6716441039677426e-17
1221.5411461976748 3.6419451603197453e-17
1221.5478098811054 3.612453905992401e-17
1221.5544735591461 3.5831691909711025e-17
1221.5611372317971 3.5540898689475515e-17
1221.5678008990583 3.525214797331478e-17
1221.5744645609298 3.49654283726642e-17
1221.5811282174116 3.4680728536375754e-17
1221.5877918685035 3.439803715083754e-17
1221.594455514206 3.411734294010112e-17
1221.6011191545188 3.383863466593218e-17
1221.6077827894417 3.3561901127974354e-17
1221.6144464189751 3.3287131163785046e-17
1221.6211100431187 3.301431364899352e-17
1221.6277736618729 3.2743437497322126e-17
1221.6344372752374 3.2474491660768846e-17
1221.6411008832122 3.2207465129604187e-17
1221.6477644857976 3.194234693251745e-17
1221.6544280829933 3.167912613668006e-17
1221.6610916747993 3.1417791847806397e-17
1221.667755261216 3.1158333210271977e-17
1221.674418842243 3.090073940717885e-17
1221.6810824178804 3.064499966039087e-17
1221.6877459881287 3.03911032306341e-17
1221.694409552987 3.0139039417603236e-17
1221.701073112456 2.9888797559961445e-17
1221.7077366665358 2.964036703543312e-17
1221.7144002152259 2.9393737260865673e-17
1221.7210637585265 2.9148897692298174e-17
1221.7277272964375 2.890583782500907e-17
1221.7343908289595 2.866454719356182e-17
1221.741054356092 2.842501537185831e-17
1221.747717877835 2.818723197323344e-17
1221.7543813941884 2.7951186650431674e-17
1221.7610449051529 2.7716869095706817e-17
1221.767708410728 2.7484269040830176e-17
1221.7743719109135 2.7253376257184497e-17
1221.7810354057096 2.7024180555733802e-17
1221.7876988951166 2.6796671787104028e-17
1221.794362379134 2.657083984162652e-17
1221.8010258577626 2.6346674649320078e-17
1221.8076893310017 2.612416617999769e-17
1221.8143527988514 2.590330444321982e-17
1221.821016261312 2.568407948837133e-17
1221.8276797183835 2.546648140466935e-17
1221.8343431700655 2.525050032116968e-17
1221.8410066163583 2.50361264068282e-17
1221.8476700572621 2.4823349870470894e-17
1221.8543334927767 2.4612160960858492e-17
1221.860996922902 2.4402549966653567e-17
1221.867660347638 2.4194507216472877e-17
